1  27.4318
2  28.2186
3  29.5943
4  32.0712
5  33.9184
6  31.9363
7  32.4197
8  32.2221
9  32.8897
10  32.3279
11  39.5178
12  31.0471
13  37.0442
14  36.7369
15  36.2696
16  31.7743
17  26.2518
18  25.9099
19  34.2357
20  26.5074
21  34.4278
22  34.5002
23  34.5237
24  34.5054
25  34.2202
26  34.2259
27  34.1899
28  34.5344
29  30.3658
30  29.9395
31  33.8738
32  33.83
33  29.4859
34  29.2898
35  33.3724
36  29.6622
37  37.6588
38  37.5465
39  37.5015
40  37.549
41  37.7147
42  37.6239
43  33.6916
44  37.5965
45  33.4654
46  28.9949
47  28.8586
48  28.9965
49  30.4155
50  26.0731
51  29.8928
52  30.4808
53  34.5779
54  26.6554
55  26.3171
56  22.2567
57  34.5567
58  26.5232
59  26.5418
60  26.5374
61  34.0799
62  25.6799
63  25.5497
64  21.8539
65  29.4501
66  28.9857
67  28.9029
68  29.3501
69  33.5072
70  21.5355
71  21.2898
72  21.5516
73  29.657
74  25.6346
75  29.5334
76  25.5883
77  33.1071
78  28.6616
79  28.5579
80  24.8841
81  6.69407
82  8.56757
83  8.53793
84  4.73016
85  0.482051
86  10.2067
87  -4.16153
88  11.9818
89  -0.101373
90  5.84451
91  -5.92025
92  4.48508
93  4.46326
94  4.19623
95  -1.78498
96  4.57247
97  5.91469
98  1.72062
99  -0.12766
100  0.00917884
101  1.72063
102  3.36788
103  3.27906
104  11.1663
105  1.14593
106  3.17391
107  3.33304
108  13.7587
109  5.72296
110  5.50523
111  1.4923
112  5.86872
113  4.04364
114  -2.23001
115  -0.0778734
116  6.00721
117  1.78699
118  -4.60794
119  -0.721944
120  9.22855
121  1.1014
122  13.2735
123  -2.62318
124  11.8359
125  5.85987
126  7.682
127  7.61902
128  -0.158357
129  7.86275
130  7.67183
131  7.70009
132  7.94929
133  -0.372947
134  9.10104
135  1.03826
136  4.94942
137  2.64884
138  4.82264
139  -2.97037
140  13.3855
141  5.86393
142  3.33467
143  7.37194
144  1.66496
145  8.36632
146  10.1691
147  6.23529
148  6.46474
149  2.20981
150  3.78535
151  -2.38414
152  7.69334
153  1.33962
154  9.36602
155  3.52503
156  13.9462
157  4.15583
158  5.84861
159  1.85868
160  12.1618
161  8.13993
162  5.97681
163  4.00718
164  10.2291
165  4.05107
166  -2.30847
167  5.47729
168  11.531
169  5.26235
170  1.28538
171  -0.564944
172  7.79403
173  -0.0426779
174  9.8322
175  7.85226
176  6.09897
177  33.8332
178  21.553
179  29.3901
180  25.8375
181  33.715
182  21.6784
183  25.3996
184  25.2684
185  29.7132
186  29.6
187  29.8609
188  29.882
189  33.4979
190  28.925
191  32.9821
192  21.065
193  28.9458
194  24.6183
195  24.5893
196  24.9451
197  29.2321
198  24.9789
199  28.7463
200  24.7169
201  28.9826
202  28.9019
203  28.9799
204  28.9514
205  28.5917
206  28.387
207  28.5737
208  24.8619
209  17.9104
210  17.8154
211  17.5481
212  18.2365
213  17.9235
214  18.0723
215  17.7948
216  17.8132
217  17.8657
218  17.9605
219  17.9813
220  18.0353
221  17.8487
222  17.4605
223  17.3433
224  17.5201
225  13.5072
226  13.3136
227  12.9634
228  13.8288
229  13.8804
230  13.9315
231  17.8312
232  5.76642
233  13.5841
234  13.7659
235  13.7724
236  13.9028
237  9.7509
238  13.3509
239  13.0631
240  13.3378
241  12.4237
242  13.1998
243  14.0244
244  15.1009
245  15.5443
246  16.2061
247  16.465
248  16.6939
249  14.7591
250  18.0219
251  18.7779
252  18.5744
253  20.6809
254  14.2318
255  16.2081
256  12.8015
