1  0
2  0
3  0
4  0
5  0
6  0
7  0
8  0
9  0
10  0
11  0
12  0
13  0
14  0
15  0
16  0
17  0
18  0
19  0
20  0
21  0
22  0
23  0
24  0
25  0
26  0
27  0
28  0
29  0
30  0
31  0
32  0
33  0
34  0
35  6.16667
36  2.55556
37  2.55556
38  2.44444
39  2.63889
40  2.73113
41  11.0708
42  10.6731
43  10.7783
44  2.39151
45  6.4537
46  9.90741
47  0
48  0
49  0
50  0
51  18.5741
52  19.213
53  27.463
54  19.5047
55  19.4575
56  15.375
57  23.65
58  23.6324
59  23.684
60  23.3632
61  22.9104
62  22.5833
63  0
64  0
65  0
66  0
67  14.7593
68  19.0833
69  23.537
70  23.3365
71  23.4808
72  23.701
73  27.9363
74  19.9167
75  19.7311
76  19.5896
77  27.0833
78  18.6944
79  0
80  0
81  0
82  0
83  -5.31481
84  -3.10185
85  -11.3611
86  0.342593
87  -2.10185
88  -3.9537
89  -6.0463
90  -10.1111
91  -7.89815
92  -5.5
93  -3.51852
94  -9.77778
95  0
96  0
97  0
98  0
99  -0.916667
100  -6.86111
101  -3.14815
102  -9.5
103  -7.62963
104  -3.74074
105  -5.81481
106  -5.78704
107  -5.63889
108  -9.27778
109  -7.28704
110  -7.5
111  0
112  0
113  0
114  0
115  -7.80556
116  -9.78704
117  -7.97222
118  -14.4352
119  -8.5463
120  3.34259
121  -8.7963
122  -12.6574
123  -12.6111
124  -4.12037
125  -4.08333
126  -8.32407
127  0
128  0
129  0
130  0
131  -2.07407
132  -5.82407
133  -6.13889
134  -4.67593
135  -4.74074
136  -10.8611
137  -3.17593
138  -7.03704
139  -2.89815
140  -8.55556
141  -10.0926
142  -4.5463
143  0
144  0
145  0
146  0
147  -8.55556
148  -0.287037
149  -6.55556
150  -4.99074
151  -5.12037
152  -3.09259
153  -9.47222
154  -3.53704
155  -9.4537
156  -5.00926
157  -8.7963
158  -5.12037
159  0
160  0
161  0
162  0
163  -5.74074
164  -7.47222
165  -7.67593
166  -6.00926
167  -10.2037
168  3.7963
169  -2.47222
170  -6.5463
171  -8.36111
172  -8.09259
173  -5.89815
174  -8.02778
175  0
176  0
177  0
178  0
179  15
180  19.3981
181  27.2778
182  15.1944
183  14.8889
184  18.8333
185  27.3704
186  15.5093
187  19.5556
188  15.6944
189  23.3981
190  22.6204
191  0
192  0
193  0
194  0
195  18.2778
196  18.6204
197  22.8519
198  18.5093
199  22.287
200  22.3148
201  22.6852
202  18.6852
203  18.8333
204  18.75
205  26.4537
206  18.1296
207  0
208  0
209  0
210  0
211  3.16667
212  3.7037
213  3.41667
214  3.59259
215  3.23148
216  3.25926
217  3.41667
218  3.74074
219  3.66667
220  3.89815
221  3.53704
222  3.19444
223  0
224  0
225  0
226  0
227  0
228  0
229  0
230  0
231  0
232  0
233  0
234  0
235  0
236  0
237  0
238  0
239  0
240  0
241  0
242  0
243  0
244  0
245  0
246  0
247  0
248  0
249  0
250  0
251  0
252  0
253  0
254  0
255  0
256  0
