1  36.7431
2  38.0117
3  38.8502
4  41.1899
5  34.4659
6  32.9306
7  33.6878
8  33.3738
9  41.9109
10  41.4243
11  40.5162
12  40.2687
13  38.4093
14  37.7678
15  38.2204
16  37.5131
17  34.551
18  34.1941
19  34.5084
20  34.7439
21  34.6363
22  34.6305
23  34.6182
24  34.5716
25  34.2857
26  34.2903
27  34.2898
28  26.67
29  31.0539
30  38.0697
31  34.0568
32  26.0425
33  37.7709
34  37.5841
35  33.6524
36  38.0142
37  30.0001
38  29.6377
39  29.563
40  29.5409
41  37.6775
42  37.5641
43  37.6782
44  37.6512
45  37.5732
46  37.0938
47  37.0342
48  37.164
49  31.6953
50  27.5469
51  27.1285
52  27.6692
53  31.7021
54  27.666
55  31.2459
56  27.1666
57  31.2865
58  31.2177
59  31.5189
60  27.5333
61  31.1892
62  30.7867
63  30.6937
64  31.5066
65  30.0072
66  29.5085
67  29.2312
68  29.6193
69  29.6894
70  29.6184
71  25.2883
72  29.2557
73  29.334
74  25.2937
75  25.2821
76  25.5957
77  33.1831
78  25.0021
79  32.7216
80  21.0823
81  4.02795
82  1.90094
83  -2.12514
84  4.10794
85  -0.0900798
86  9.65106
87  -4.68816
88  9.4943
89  1.44071
90  -0.605331
91  1.61763
92  6.02338
93  5.98767
94  -0.298162
95  -0.298589
96  8.05257
97  5.13294
98  6.94618
99  -0.88432
100  -0.741605
101  2.99915
102  -1.32271
103  -3.36991
104  8.54704
105  6.5572
106  0.599416
107  6.76779
108  3.1716
109  7.12422
110  8.89745
111  6.87027
112  1.22993
113  0.252155
114  9.99838
115  -5.84782
116  6.24261
117  6.06013
118  1.66505
119  7.59934
120  1.55775
121  31.4533
122  33.6654
123  33.7494
124  42.2062
125  36.2256
126  30.0578
127  33.9893
128  0
129  0
130  0
131  0
132  3.09929
133  4.78757
134  6.26674
135  2.22263
136  0.181441
137  -2.09323
138  8.09091
139  6.32031
140  2.67907
141  1.19545
142  12.6665
143  -5.30211
144  4.9773
145  6.43894
146  2.2525
147  4.29826
148  4.52949
149  -1.71673
150  1.8627
151  9.72202
152  3.80668
153  3.50169
154  3.54222
155  3.7163
156  0.155533
157  6.39263
158  6.11624
159  2.1152
160  2.43071
161  4.23516
162  -1.90541
163  6.09889
164  2.30177
165  0.128272
166  11.7724
167  -6.42704
168  11.6427
169  7.42137
170  3.45038
171  3.65236
172  2.0147
173  4.22367
174  4.09914
175  6.13729
176  -1.62274
177  0
178  0
179  0
180  28.9823
181  32.7888
182  33.0823
183  32.6064
184  28.2642
185  32.6662
186  32.5148
187  28.56
188  32.2951
189  36.0298
190  23.2506
191  23.5053
192  23.525
193  0
194  0
195  0
196  25.9984
197  34.4832
198  26.1049
199  29.6964
200  21.6875
201  29.7542
202  29.6052
203  29.5857
204  29.3717
205  33.0885
206  28.7168
207  29.0315
208  29.1422
209  0
210  0
211  0
212  14.0207
213  13.9458
214  14.0846
215  13.6196
216  13.5768
217  13.5706
218  13.5972
219  13.5409
220  13.5225
221  9.14299
222  12.9368
223  12.6324
224  12.7613
225  10.4226
226  9.96045
227  10.6394
228  10.5848
229  10.8807
230  10.9733
231  10.6423
232  10.5357
233  10.4704
234  10.4475
235  10.4016
236  10.4444
237  10.0924
238  9.6756
239  9.54063
240  9.6587
241  12.0635
242  12.9739
243  13.9429
244  15.0364
245  15.3619
246  16.1398
247  16.3079
248  16.3602
249  14.5713
250  17.4067
251  17.9136
252  17.7934
253  19.7825
254  13.4981
255  15.8316
256  12.0828
