1  0.400259
2  0.920139
3  10.5587
4  5.38144
5  6.93111
6  4.85289
7  5.4115
8  5.19273
9  5.92409
10  13.4393
11  12.5517
12  4.04107
13  2.10064
14  5.55525
15  8.9934
16  0.810457
17  0
18  0
19  9.22586
20  9.49754
21  9.40741
22  9.51467
23  9.52477
24  9.50936
25  9.25665
26  9.25456
27  9.26
28  9.60255
29  9.36182
30  8.96347
31  8.90031
32  8.89082
33  11.4485
34  11.2641
35  7.36277
36  3.60111
37  11.5991
38  11.5019
39  11.305
40  3.51854
41  11.6706
42  11.5397
43  11.6523
44  11.5623
45  11.4418
46  10.964
47  10.9098
48  10.9619
49  25.3678
50  21.1664
51  20.8151
52  25.3934
53  21.4588
54  17.5631
55  17.2207
56  17.1837
57  21.3167
58  17.2675
59  17.3315
60  17.286
61  21.0131
62  20.6078
63  16.519
64  16.7678
65  24.474
66  23.9957
67  23.9025
68  24.343
69  24.4858
70  20.3496
71  24.2712
72  24.5336
73  24.6276
74  24.6136
75  24.5148
76  24.5817
77  28.1391
78  15.6724
79  15.5524
80  19.8737
81  -2.25177
82  -8.38133
83  -4.41515
84  -6.21376
85  -4.45284
86  -6.73554
87  -9.11096
88  -0.970193
89  -1.05393
90  0.896373
91  -6.86185
92  -2.46592
93  -2.49198
94  -4.76294
95  -6.74339
96  -0.371443
97  -6.14764
98  -0.341204
99  -10.1774
100  -0.0572891
101  -2.3493
102  -0.69937
103  -0.789447
104  -2.91114
105  -2.9211
106  -4.89656
107  -0.727878
108  -8.31633
109  -6.35678
110  1.40853
111  3.42521
112  -2.21779
113  -3.89014
114  -10.1532
115  -7.98651
116  8.08948
117  -6.12511
118  3.47072
119  -12.6368
120  -2.70754
121  29.1846
122  29.3405
123  27.4403
124  -4.0889
125  -6.08454
126  1.75674
127  -4.30946
128  3.90901
129  0
130  0
131  0
132  0
133  24.6853
134  222.94
135  26.0805
136  28.0042
137  -4.31538
138  -8.14857
139  -9.93788
140  0.405172
141  303.198
142  20.3901
143  20.4167
144  28.7095
145  -1.58886
146  -7.78027
147  -7.70709
148  -3.47837
149  -5.72419
150  1.83339
151  -6.31242
152  -0.245223
153  1.40743
154  1.4257
155  -2.42803
156  1.99857
157  -3.78153
158  -4.07432
159  -8.08926
160  8.23411
161  -5.84749
162  -0.0134804
163  -3.9816
164  0.229473
165  0.0680701
166  -6.28438
167  -0.49754
168  -0.452396
169  -2.70905
170  -0.707617
171  -4.5365
172  -0.205521
173  -4.01072
174  -10.156
175  -10.1061
176  6.09681
177  0
178  0
179  0
180  21.8825
181  21.8767
182  21.7836
183  17.5114
184  17.3211
185  25.7816
186  21.6818
187  25.9635
188  21.9201
189  25.5073
190  21.0026
191  21.0441
192  21.087
193  28.9952
194  20.8094
195  16.7458
196  16.9596
197  25.2702
198  21.0293
199  20.6695
200  24.8958
201  29.0291
202  16.947
203  16.9996
204  16.9605
205  28.5737
206  16.4106
207  16.7341
208  20.9012
209  6.88405
210  6.77138
211  6.69797
212  7.23559
213  6.90919
214  7.20223
215  6.77595
216  6.66379
217  6.86038
218  6.98358
219  6.99909
220  7.01668
221  2.83698
222  6.43929
223  6.36101
224  6.47806
225  0
226  0
227  0
228  3.82568
229  3.87986
230  3.91062
231  3.7999
232  3.72913
233  11.5623
234  11.7408
235  11.7925
236  3.89242
237  7.74014
238  7.32248
239  11.0337
240  3.34146
241  7.35332
242  8.13777
243  8.92243
244  2.01613
245  10.4876
246  11.2108
247  11.4857
248  3.74701
249  9.72704
250  13.0863
251  13.8151
252  13.5297
253  11.7524
254  8.88058
255  11.8045
256  -0.255376
