1  3.13038
2  4.14345
3  5.02522
4  7.20217
5  8.48207
6  7.01674
7  7.76445
8  7.38218
9  15.8887
10  15.5116
11  14.5034
12  14.2461
13  8.38957
14  11.9513
15  11.6201
16  11.706
17  3.58246
18  3.22951
19  3.52601
20  3.74447
21  3.6502
22  3.65126
23  3.62437
24  3.57533
25  11.2624
26  11.2716
27  11.5343
28  11.6824
29  8.09734
30  7.53752
31  11.5395
32  11.5347
33  12.7259
34  12.5546
35  8.63045
36  13.019
37  12.7199
38  12.5887
39  12.5012
40  12.3126
41  12.5683
42  12.5002
43  12.581
44  12.6218
45  13.019
46  12.5685
47  12.5178
48  12.0867
49  25.7181
50  25.5395
51  25.1434
52  25.6735
53  29.6988
54  21.6624
55  21.2588
56  17.1491
57  29.2439
58  17.1786
59  17.2946
60  17.5315
61  29.1332
62  17.0146
63  16.6741
64  21.6023
65  24.7639
66  20.3124
67  24.2119
68  20.5848
69  24.6598
70  20.5621
71  20.2449
72  20.2214
73  28.2621
74  20.2698
75  16.2341
76  16.5464
77  24.1466
78  23.7294
79  19.6885
80  20.0203
81  1.75147
82  1.62559
83  -0.38648
84  1.83078
85  -4.3812
86  1.36247
87  -6.97392
88  7.20221
89  -4.83963
90  -0.90416
91  -2.67782
92  7.7343
93  1.6998
94  1.40767
95  -2.59474
96  -2.21858
97  2.91361
98  4.72975
99  2.8926
100  -2.96429
101  0.789756
102  -1.53023
103  -1.5767
104  -5.66652
105  -5.64667
106  6.37401
107  0.54552
108  2.95596
109  -3.10497
110  4.65603
111  -9.35693
112  5.01732
113  -5.01608
114  -1.28856
115  -9.13865
116  4.97031
117  -3.21917
118  -5.59947
119  -5.675
120  2.27546
121  28.1804
122  28.3802
123  28.483
124  40.9335
125  28.9506
126  28.7816
127  26.7201
128  8.93262
129  0.725319
130  -1.44077
131  -5.41744
132  -5.18185
133  -5.49714
134  3.98654
135  -8.04813
136  -2.08227
137  -4.37298
138  -4.20074
139  -9.95382
140  6.39792
141  0.91179
142  2.36269
143  0.416171
144  0.709873
145  -5.83293
146  -0.0203777
147  0.0193376
148  -1.7496
149  -5.99612
150  1.57685
151  3.44817
152  -2.46324
153  -2.78258
154  -0.717851
155  -0.567621
156  3.8837
157  -3.90155
158  5.82359
159  -10.1659
160  0.166105
161  -1.03803
162  -1.20996
163  -7.1922
164  3.01497
165  0.839538
166  -5.50628
167  -1.71196
168  2.34282
169  -3.88226
170  -1.85126
171  -9.63741
172  0.733732
173  2.93275
174  -3.18632
175  -3.15451
176  -2.90114
177  28.462
178  28.1667
179  24.1039
180  28.6224
181  28.6417
182  28.7013
183  28.2518
184  20.1472
185  28.5933
186  24.2476
187  24.5105
188  24.1917
189  23.7573
190  23.1619
191  23.2008
192  23.263
193  0
194  0
195  0
196  16.6744
197  25.0487
198  25.0091
199  20.5947
200  24.6286
201  24.6675
202  20.5454
203  20.516
204  20.2572
205  28.0329
206  27.635
207  27.9193
208  28.0433
209  6.50235
210  6.23685
211  7.03987
212  6.77678
213  6.65795
214  7.01159
215  6.57194
216  6.51925
217  14.5346
218  14.5498
219  14.5085
220  6.50364
221  10.1013
222  5.69831
223  5.60441
224  5.71397
225  3.10244
226  2.98236
227  3.04635
228  3.5292
229  3.58011
230  3.6352
231  3.56903
232  3.30741
233  11.2129
234  11.4131
235  11.1534
236  11.3988
237  7.03749
238  6.6058
239  10.4937
240  10.5921
241  4.58288
242  5.51915
243  5.93672
244  6.77826
245  7.24552
246  7.86204
247  8.19565
248  8.05965
249  14.514
250  17.1371
251  17.8374
252  17.7359
253  15.757
254  13.5155
255  15.8266
256  12.5432
