1  34.7327
2  35.5019
3  37.0247
4  39.1792
5  40.8142
6  39.3598
7  39.7287
8  39.3767
9  39.846
10  39.4603
11  38.5955
12  38.23
13  36.4895
14  36.0259
15  35.5043
16  30.923
17  36.596
18  36.2505
19  36.5571
20  37.0159
21  36.7393
22  36.8091
23  37.0014
24  36.7385
25  36.6529
26  36.6149
27  36.6548
28  29.0672
29  40.5792
30  36.5082
31  36.1115
32  28.1084
33  33.8109
34  33.6301
35  29.7103
36  34.1093
37  34.0842
38  34.0195
39  33.7447
40  33.7648
41  34.0788
42  33.7472
43  34.0347
44  34.0318
45  29.6901
46  29.5169
47  33.1254
48  33.1539
49  31.7244
50  31.5463
51  27.2096
52  31.7769
53  36.0444
54  28.065
55  23.6941
56  23.6026
57  35.7243
58  27.6338
59  35.6901
60  23.663
61  35.2439
62  27.0482
63  34.7696
64  23.0337
65  32.9719
66  32.5297
67  28.3059
68  32.7307
69  37.0622
70  24.8385
71  28.7126
72  24.7404
73  32.8237
74  32.772
75  32.7124
76  32.7524
77  32.5123
78  32.0805
79  28.0002
80  28.1188
81  2.83239
82  8.70642
83  4.66728
84  10.8754
85  2.65607
86  10.3643
87  -3.98496
88  8.17801
89  6.11749
90  6.06024
91  8.28692
92  2.70913
93  4.68861
94  4.41254
95  4.43034
96  10.7948
97  8.98862
98  10.7999
99  10.9591
100  3.08589
101  8.80626
102  6.46981
103  10.39
104  2.30439
105  0.30558
106  6.33936
107  6.51509
108  8.92462
109  0.887358
110  10.6551
111  4.64777
112  5.01984
113  6.14653
114  7.85714
115  6.00776
116  0.106609
117  3.91264
118  -0.499425
119  1.41063
120  15.3594
121  7.26035
122  7.42913
123  5.53247
124  1.98678
125  7.98923
126  9.81376
127  1.7684
128  7.9803
129  4.98806
130  6.81046
131  -1.1655
132  9.08886
133  4.78938
134  -1.74767
135  2.20381
136  14.1315
137  5.83978
138  0.0126943
139  4.2153
140  2.556
141  9.0531
142  4.54044
143  6.5655
144  6.86111
145  3.50948
146  11.3142
147  -2.61655
148  13.6152
149  9.3824
150  4.95393
151  4.81577
152  8.8946
153  4.5505
154  4.59333
155  4.72657
156  17.143
157  3.35389
158  9.06216
159  5.06266
160  15.3744
161  9.38783
162  5.2276
163  3.25747
164  9.4648
165  1.30017
166  10.9734
167  8.75699
168  4.82373
169  6.56831
170  6.57908
171  4.74519
172  5.07796
173  5.27504
174  3.13474
175  -0.847637
176  9.37716
177  33.1379
178  28.974
179  28.7147
180  29.1861
181  33.1646
182  33.1181
183  28.7135
184  32.6968
185  37.0685
186  24.8386
187  25.1115
188  25.1124
189  32.7084
190  32.1464
191  32.2307
192  28.4756
193  32.4015
194  28.0586
195  28.0423
196  32.2929
197  36.5526
198  24.2987
199  24.0403
200  28.1116
201  36.2261
202  24.1345
203  24.2109
204  24.1722
205  35.9621
206  23.6472
207  31.789
208  24.1008
209  14.1355
210  14.0835
211  13.9774
212  14.5255
213  14.1791
214  14.3443
215  14.0555
216  14.0228
217  14.0889
218  14.1762
219  14.3825
220  14.1955
221  10.0401
222  13.649
223  13.5555
224  13.9266
225  12.8023
226  12.5793
227  13.01
228  13.1726
229  13.1794
230  13.2387
231  13.1217
232  13.0428
233  20.9761
234  21.0188
235  21.0045
236  13.1342
237  17.0127
238  16.5599
239  20.4879
240  12.5762
241  10.7356
242  11.5008
243  12.4699
244  13.3731
245  13.7904
246  14.3666
247  14.7233
248  14.8253
249  13.0985
250  16.107
251  16.9223
252  16.8097
253  14.9266
254  13.0387
255  15.044
256  11.5709
