1  0
2  0
3  0
4  0
5  0
6  0
7  0
8  0
9  0
10  0
11  0
12  0
13  0
14  0
15  0
16  0
17  0
18  0
19  0
20  0
21  0
22  0
23  0
24  0
25  0
26  0
27  0
28  0
29  0
30  0
31  0
32  0
33  0
34  0
35  22.0692
36  22.2685
37  30.2708
38  29.9314
39  29.8928
40  29.9075
41  22.1982
42  21.8942
43  21.9614
44  21.8465
45  29.7812
46  25.3046
47  0
48  0
49  0
50  0
51  0
52  17.9635
53  22.2343
54  22.1842
55  17.8102
56  21.4949
57  25.8011
58  21.7615
59  25.8158
60  25.7688
61  21.3972
62  17.181
63  0
64  0
65  0
66  0
67  23.7001
68  23.9267
69  28.2546
70  19.9401
71  15.8337
72  15.8235
73  27.8669
74  19.8866
75  19.7769
76  19.876
77  27.4171
78  19.2106
79  0
80  0
81  0
82  0
83  0
84  1.90699
85  -2.31399
86  -2.59303
87  -2.9474
88  -2.78778
89  -0.839477
90  -0.900683
91  -0.672704
92  1.74545
93  -8.27726
94  -2.54938
95  0
96  0
97  0
98  0
99  -1.03638
100  -0.892229
101  -3.17199
102  -9.51027
103  -3.57399
104  -9.66592
105  -3.65885
106  -9.63611
107  -3.47441
108  -1.0558
109  -9.09319
110  -1.32207
111  0
112  0
113  0
114  0
115  -11.0098
116  -0.915223
117  -3.12902
118  -3.51802
119  -9.60978
120  -9.64668
121  22.2482
122  32.4171
123  16.5204
124  34.9567
125  28.9889
126  26.8143
127  0
128  0
129  0
130  0
131  0
132  0
133  23.7035
134  229.858
135  25.1328
136  29.0736
137  -7.21079
138  -5.0352
139  -12.8317
140  -0.476896
141  0
142  25.4756
143  0
144  0
145  0
146  0
147  -1.6804
148  -9.44189
149  -3.67602
150  -6.10053
151  -10.2368
152  -2.15654
153  -2.48822
154  -2.46315
155  -2.30919
156  -1.87703
157  28.325
158  26.0302
159  0
160  0
161  0
162  0
163  0.139994
164  2.36127
165  -5.78394
166  -6.13481
167  -12.3436
168  -1.95408
169  -8.51942
170  1.47765
171  3.65634
172  -2.00877
173  -1.81684
174  -3.95517
175  0
176  0
177  0
178  0
179  22.2968
180  26.769
181  26.7445
182  26.451
183  25.9675
184  25.8543
185  26.2948
186  26.2395
187  26.3453
188  22.368
189  29.9689
190  21.3596
191  0
192  0
193  0
194  0
195  19.4447
196  23.8279
197  28.2321
198  15.8051
199  15.3902
200  15.3815
201  23.706
202  23.4403
203  23.4799
204  23.6143
205  23.2121
206  18.8403
207  0
208  0
209  0
210  0
211  0
212  2.89698
213  10.8327
214  10.8776
215  10.4238
216  10.3844
217  10.3926
218  10.7711
219  10.7266
220  10.7489
221  6.32881
222  10.1242
223  0
224  0
225  0
226  0
227  0
228  0
229  0
230  0
231  0
232  0
233  0
234  0
235  0
236  0
237  0
238  0
239  0
240  0
241  0
242  0
243  0
244  0
245  0
246  0
247  0
248  0
249  0
250  0
251  0
252  0
253  0
254  0
255  0
256  0
