1  -605.747
2  -599.589
3  -593.34
4  -601.045
5  -603.166
6  -609.303
7  -607.304
8  -609.3
9  -599.379
10  -599.345
11  -603.396
12  -601.074
13  -599.341
14  -599.689
15  -597.722
16  -605.709
17  -595.022
18  -595.155
19  -595.098
20  -594.955
21  -595.101
22  -595.185
23  -595.147
24  -595.379
25  -595.514
26  -595.471
27  -595.234
28  -594.976
29  -603.004
30  -603.219
31  -595.43
32  -603.282
33  -596.787
34  -597.082
35  -600.79
36  -596.732
37  -596.688
38  -597.132
39  -597.207
40  -597.273
41  -597.15
42  -597.192
43  -597.118
44  -596.942
45  -592.951
46  -597.074
47  -597.206
48  -597.421
49  -595.5
50  -595.867
51  -595.693
52  -595.586
53  -595.521
54  -595.846
55  -595.76
56  -596.096
57  -596.067
58  -596.117
59  -596.08
60  -595.613
61  -595.764
62  -595.702
63  -596.071
64  -596.015
65  -581.098
66  -581.272
67  -585.438
68  -581.022
69  -577.146
70  -589.307
71  -581.503
72  -589.524
73  -581.585
74  -581.528
75  -581.539
76  -581.174
77  -577.265
78  -577.55
79  -581.608
80  -577.259
81  -582.112
82  -586.25
83  -582.538
84  -586.119
85  -582.046
86  -586.224
87  -586.565
88  -586.605
89  -582.608
90  -582.445
91  -582.566
92  -582.361
93  -578.282
94  -582.566
95  -582.672
96  -582.542
97  -600.97
98  -601.19
99  -606.809
100  -600.611
101  -598.811
102  -599.03
103  -603.009
104  -599.171
105  -603.113
106  -607.15
107  -601.12
108  -594.806
109  -599.02
110  -603.254
111  -605.239
112  -605.015
113  -600.811
114  -603.015
115  -602.785
116  -604.602
117  -604.681
118  -598.957
119  -609.042
120  -593
121  -597.121
122  -599.089
123  -599.024
124  -594.718
125  -604.778
126  -601.115
127  -601.181
128  -601.057
129  -596.999
130  -595.147
131  -594.993
132  -594.608
133  -598.855
134  -599.421
135  -601.179
136  -605.302
137  -605.601
138  -599.499
139  -611.365
140  -595.149
141  -598.706
142  -603.329
143  -599.434
144  -599.208
145  -600.527
146  -600.691
147  -606.545
148  -600.199
149  -598.298
150  -600.658
151  -602.729
152  -604.623
153  -604.998
154  -597.079
155  -596.898
156  -600.68
157  -604.543
158  -596.959
159  -606.943
160  -598.677
161  -601.725
162  -599.829
163  -607.786
164  -589.506
165  -599.536
166  -605.788
167  -597.895
168  -605.835
169  -602.148
170  -604.184
171  -608.03
172  -589.767
173  -605.701
174  -595.956
175  -594.019
176  -601.748
177  -581.006
178  -581.059
179  -581.1
180  -580.937
181  -581.013
182  -585.112
183  -585.088
184  -581.001
185  -581.07
186  -581.072
187  -581.042
188  -584.905
189  -576.753
190  -581.19
191  -581.187
192  -581.438
193  -581.677
194  -585.967
195  -585.739
196  -581.674
197  -581.63
198  -585.937
199  -586.106
200  -582.088
201  -582.058
202  -586.035
203  -581.634
204  -581.272
205  -573.756
206  -582.035
207  -585.762
208  -585.985
209  -602.937
210  -602.969
211  -594.782
212  -602.634
213  -594.719
214  -594.743
215  -595.07
216  -595.08
217  -595.089
218  -594.784
219  -594.824
220  -602.633
221  -602.622
222  -591.012
223  -594.835
224  -603.04
225  -593.059
226  -593.091
227  -593.025
228  -592.786
229  -592.813
230  -593.029
231  -593.032
232  -593.363
233  -601.157
234  -600.765
235  -601.035
236  -600.917
237  -597.008
238  -597.252
239  -601.519
240  -601.193
241  -596.793
242  -596.697
243  -596.281
244  -595.869
245  -596.191
246  -596.293
247  -596.393
248  -596.525
249  -596.428
250  -596.058
251  -595.809
252  -595.469
253  -595.728
254  -596.431
255  -596.459
256  -596.729
