1  0
2  0
3  0
4  0
5  0
6  0
7  0
8  0
9  0
10  0
11  0
12  0
13  0
14  0
15  0
16  0
17  0
18  0
19  0
20  0
21  0
22  0
23  0
24  0
25  0
26  0
27  0
28  0
29  0
30  0
31  0
32  0
33  0
34  0
35  26.1535
36  30.3606
37  22.3522
38  22.1633
39  29.9663
40  21.9797
41  30.2797
42  29.9683
43  30.1943
44  29.9022
45  33.8297
46  29.5354
47  0
48  0
49  0
50  0
51  43.4648
52  44.1714
53  44.2836
54  40.2332
55  39.8517
56  43.7016
57  47.8629
58  43.795
59  43.843
60  35.7867
61  47.4101
62  43.1937
63  0
64  0
65  0
66  0
67  22.7578
68  22.9953
69  23.3132
70  19.1917
71  18.8863
72  18.8865
73  26.9318
74  26.9131
75  22.8121
76  22.9023
77  26.4402
78  22.2314
79  0
80  0
81  0
82  0
83  -7.32588
84  -7.11538
85  -5.34486
86  -5.6149
87  -9.96569
88  4.18808
89  -7.85693
90  4.0826
91  4.31103
92  -1.26849
93  -7.29396
94  -3.56664
95  0
96  0
97  0
98  0
99  -2.99173
100  -0.85616
101  0.864694
102  -3.45076
103  2.46849
104  0.371892
105  -5.63584
106  -3.59191
107  -9.43514
108  6.99161
109  -5.05204
110  -3.29214
111  0
112  0
113  0
114  0
115  -6.00151
116  2.09318
117  -8.11003
118  1.49182
119  3.40245
120  -4.63869
121  -2.74173
122  -4.55782
123  -8.46426
124  -0.0115321
125  0.00845981
126  1.82881
127  0
128  0
129  0
130  0
131  -13.1766
132  -0.938567
133  -3.24767
134  -3.76231
135  -5.80867
136  -5.85406
137  -2.15858
138  -3.98273
139  -5.77333
140  0.565291
141  -6.92883
142  -1.46108
143  0
144  0
145  0
146  0
147  -10.6395
148  -0.409177
149  -4.646
150  -5.05944
151  -7.1934
152  0.888136
153  -5.45298
154  -5.41935
155  -5.26935
156  5.17006
157  -6.64074
158  3.07222
159  0
160  0
161  0
162  0
163  1.18042
164  1.413
165  -6.76007
166  -1.09405
167  2.70228
168  -1.23727
169  -1.48303
170  0.530209
171  -7.29468
172  -0.95873
173  1.23538
174  -4.90541
175  0
176  0
177  0
178  0
179  23.3299
180  23.7933
181  23.765
182  19.4869
183  22.9953
184  18.8841
185  27.341
186  23.2605
187  27.3677
188  23.3736
189  30.962
190  22.363
191  0
192  0
193  0
194  0
195  22.479
196  18.8682
197  27.263
198  26.8439
199  26.4281
200  26.4221
201  30.752
202  18.4769
203  18.7152
204  22.4412
205  30.2321
206  17.8512
207  0
208  0
209  0
210  0
211  10.4337
212  2.94529
213  2.86715
214  2.92451
215  10.4689
216  2.42969
217  10.4393
218  10.8193
219  10.7636
220  2.78451
221  10.3649
222  5.92975
223  0
224  0
225  0
226  0
227  0
228  0
229  0
230  0
231  0
232  0
233  0
234  0
235  0
236  0
237  0
238  0
239  0
240  0
241  0
242  0
243  0
244  0
245  0
246  0
247  0
248  0
249  0
250  0
251  0
252  0
253  0
254  0
255  0
256  0
