1  7.16151
2  8.1762
3  9.01114
4  11.1195
5  12.3721
6  10.9063
7  11.4861
8  11.2878
9  19.7718
10  19.4512
11  18.5086
12  10.2775
13  13.1053
14  16.0616
15  15.6959
16  7.75307
17  8.01664
18  7.56656
19  8.08174
20  8.04255
21  7.68924
22  7.69966
23  7.674
24  7.62723
25  7.55213
26  7.5494
27  7.60813
28  8.10355
29  4.21558
30  3.63613
31  7.64119
32  7.63296
33  9.05102
34  9.02565
35  5.01989
36  9.10602
37  9.08981
38  8.69424
39  8.60523
40  8.61743
41  8.68258
42  8.63787
43  9.00827
44  9.10447
45  9.13978
46  8.68768
47  8.65254
48  8.59308
49  29.7759
50  21.616
51  29.5256
52  22.0248
53  26.0299
54  25.7446
55  25.5425
56  21.2317
57  25.3016
58  21.5605
59  21.6078
60  21.6516
61  25.5564
62  21.1353
63  21.0778
64  25.0866
65  29.0365
66  24.6129
67  28.552
68  16.6682
69  28.7563
70  16.6701
71  24.3136
72  16.3109
73  24.347
74  24.5829
75  20.5439
76  20.6689
77  28.5695
78  28.1226
79  24.0659
80  24.6225
81  1.78571
82  1.67406
83  -0.342065
84  1.87712
85  -4.32523
86  1.42227
87  -6.9028
88  7.26236
89  -4.77341
90  -0.838419
91  7.37945
92  7.78498
93  1.74537
94  1.4663
95  -2.52088
96  -2.16451
97  2.96331
98  4.78536
99  2.94473
100  -2.90063
101  0.828967
102  -1.48697
103  -1.53175
104  -5.62652
105  -5.59468
106  6.43206
107  0.599677
108  3.00874
109  -3.04795
110  4.72323
111  -9.30771
112  5.06735
113  -4.93189
114  -1.19504
115  0.967213
116  5.08291
117  -3.11091
118  -5.50589
119  -5.57179
120  2.39286
121  28.2877
122  28.4892
123  28.5941
124  41.0492
125  29.0473
126  28.879
127  26.8065
128  9.04892
129  0.842363
130  -1.33117
131  -5.31487
132  -5.0607
133  -5.37558
134  4.10648
135  2.07178
136  -1.95472
137  -4.24256
138  5.93068
139  -9.83635
140  6.52381
141  1.03684
142  2.49682
143  0.538136
144  0.821005
145  4.25792
146  0.0767002
147  0.124856
148  -1.6397
149  4.11573
150  1.69059
151  3.55089
152  -2.34264
153  -2.651
154  -0.595708
155  -0.439382
156  4.01283
157  -3.77955
158  5.9475
159  -0.0646435
160  0.280624
161  -0.960758
162  -1.1123
163  -7.10772
164  3.09811
165  0.94094
166  -5.41673
167  -1.62529
168  2.44679
169  -3.7812
170  8.26874
171  -9.53498
172  0.844811
173  3.03952
174  -3.0888
175  -3.059
176  -2.81257
177  24.5928
178  24.5537
179  20.5756
180  25.0937
181  25.108
182  24.821
183  24.3367
184  24.2328
185  24.6257
186  20.5601
187  20.5178
188  20.5062
189  28.0402
190  27.5519
191  27.5305
192  27.5706
193  0
194  0
195  0
196  21.0712
197  29.2345
198  28.9381
199  24.7079
200  28.7052
201  29.0386
202  24.631
203  24.6109
204  24.5331
205  32.1496
206  24.0332
207  24.513
208  24.1764
209  10.5409
210  10.543
211  11.0325
212  3.03173
213  11.0155
214  11.0919
215  11.0057
216  2.59861
217  10.5798
218  10.6238
219  10.5464
220  10.5228
221  14.174
222  10.0157
223  9.65505
224  10.0429
225  7.20163
226  7.07337
227  7.07016
228  7.61918
229  7.68793
230  7.74317
231  7.65242
232  7.58028
233  7.51949
234  7.50493
235  15.2435
236  7.49177
237  3.10514
238  2.69016
239  14.5978
240  6.69202
241  8.69217
242  9.62101
243  10.0069
244  10.8665
245  11.3128
246  11.8891
247  12.2275
248  12.2756
249  10.4335
250  13.1303
251  13.8588
252  13.7606
253  11.8866
254  10.0709
255  11.4166
256  8.59495
