1  0
2  0
3  0
4  0
5  0
6  0
7  0
8  0
9  0
10  0
11  0
12  0
13  0
14  0
15  0
16  0
17  0
18  0
19  0
20  0
21  0
22  0
23  0
24  0
25  0
26  0
27  0
28  0
29  0
30  0
31  0
32  0
33  0
34  0
35  6.72345
36  11.1146
37  11.1249
38  10.7656
39  10.7316
40  10.7619
41  10.8783
42  10.7352
43  10.7739
44  10.6514
45  10.6078
46  10.118
47  0
48  0
49  0
50  0
51  23.2115
52  27.7573
53  27.8568
54  27.8326
55  23.4544
56  23.3212
57  27.4547
58  23.3897
59  27.4349
60  27.5822
61  31.1757
62  19.0059
63  0
64  0
65  0
66  0
67  26.5241
68  26.7281
69  30.8665
70  18.7757
71  30.4645
72  18.4617
73  30.6902
74  18.4928
75  26.3903
76  18.6684
77  26.1812
78  26.032
79  0
80  0
81  0
82  0
83  -9.36204
84  6.84701
85  -1.38509
86  -3.65649
87  -4.00875
88  4.14144
89  -5.91125
90  0.0328215
91  2.26309
92  6.683
93  -3.34934
94  2.38951
95  0
96  0
97  0
98  0
99  1.931
100  -3.93227
101  -2.21613
102  -6.55
103  -0.621841
104  7.27979
105  3.26948
106  1.31357
107  -2.51266
108  3.90539
109  3.86155
110  3.62989
111  0
112  0
113  0
114  0
115  -8.04921
116  4.04007
117  1.84993
118  -0.564963
119  3.342
120  -4.70052
121  -4.81569
122  7.37287
123  3.47145
124  7.9079
125  -2.05827
126  -4.23211
127  0
128  0
129  0
130  0
131  0
132  0
133  32.6921
134  32.1778
135  32.1273
136  217.31
137  -0.225328
138  -6.04991
139  -1.83473
140  -3.50036
141  24.9983
142  28.4786
143  0
144  0
145  0
146  0
147  2.28825
148  4.52422
149  -5.7103
150  -2.13904
151  -0.282223
152  -2.19804
153  3.46152
154  5.51205
155  -0.349805
156  0.0839079
157  26.2831
158  31.9747
159  0
160  0
161  0
162  0
163  0
164  0
165  -4.83986
166  4.82493
167  2.61224
168  2.66536
169  0.434412
170  -1.56851
171  -3.39063
172  -1.04057
173  25.1331
174  34.9965
175  0
176  0
177  0
178  0
179  20.1076
180  24.5708
181  32.3025
182  20.2334
183  19.7474
184  23.6324
185  27.8732
186  23.8141
187  24.1227
188  28.1512
189  31.7294
190  19.1482
191  0
192  0
193  0
194  0
195  25.2087
196  25.6157
197  33.7979
198  25.5849
199  25.1676
200  21.1575
201  29.2612
202  29.2102
203  29.2488
204  29.1801
205  33.0185
206  20.6254
207  0
208  0
209  0
210  0
211  0
212  11.6889
213  11.6297
214  11.6687
215  11.2011
216  11.1551
217  11.1743
218  11.601
219  11.2864
220  11.5747
221  11.1384
222  10.6804
223  0
224  0
225  0
226  0
227  0
228  0
229  0
230  0
231  0
232  0
233  0
234  0
235  0
236  0
237  0
238  0
239  0
240  0
241  0
242  0
243  0
244  0
245  0
246  0
247  0
248  0
249  0
250  0
251  0
252  0
253  0
254  0
255  0
256  0
