1  0
2  0
3  0
4  0
5  0
6  0
7  0
8  0
9  0
10  0
11  0
12  0
13  0
14  0
15  0
16  0
17  0
18  0
19  0
20  0
21  0
22  0
23  0
24  0
25  0
26  0
27  0
28  0
29  0
30  0
31  0
32  0
33  0
34  0
35  10.0472
36  14.2328
37  14.2292
38  13.8741
39  13.8378
40  13.8531
41  13.9985
42  13.8443
43  13.9124
44  13.7782
45  13.7323
46  13.2378
47  0
48  0
49  0
50  0
51  23.5162
52  19.8792
53  23.9699
54  23.9278
55  19.7358
56  19.3979
57  31.726
58  23.498
59  23.713
60  19.6802
61  27.3081
62  23.0828
63  0
64  0
65  0
66  0
67  25.6441
68  25.8479
69  26.1878
70  21.869
71  25.7517
72  25.7429
73  25.7757
74  25.7663
75  25.6874
76  25.7886
77  25.3105
78  25.1291
79  0
80  0
81  0
82  0
83  -11.3269
84  6.88898
85  -1.33911
86  -3.61213
87  -3.96157
88  -3.80286
89  2.13835
90  0.0822997
91  4.33439
92  4.72667
93  2.69803
94  4.44147
95  0
96  0
97  0
98  0
99  -1.02994
100  -0.888564
101  0.827858
102  -1.50394
103  -5.57415
104  -5.66963
105  -1.65973
106  -3.62851
107  -3.45885
108  -7.04605
109  2.91212
110  0.680991
111  0
112  0
113  0
114  0
115  -8.00239
116  6.09563
117  -0.110848
118  -0.503152
119  -0.592177
120  -2.63557
121  27.2539
122  25.4443
123  21.5378
124  40.0019
125  2.00964
126  -0.171602
127  0
128  0
129  0
130  0
131  3.76913
132  0.00340863
133  -0.306912
134  -2.82136
135  -6.86936
136  -2.91462
137  0.780414
138  -3.04158
139  1.17612
140  -4.47729
141  0.0152625
142  -4.50496
143  0
144  0
145  0
146  0
147  -4.69465
148  5.53795
149  -2.69904
150  -3.1213
151  -7.26037
152  4.8253
153  0.493948
154  0.534203
155  -5.32188
156  -4.88481
157  -4.68513
158  3.02269
159  0
160  0
161  0
162  0
163  3.09236
164  -2.68081
165  -0.850885
166  -3.18219
167  0.605769
168  -5.33621
169  2.41997
170  4.43055
171  -3.39007
172  -1.05255
173  3.13917
174  -0.995165
175  0
176  0
177  0
178  0
179  23.2008
180  27.4762
181  27.451
182  23.3706
183  22.869
184  22.765
185  31.2207
186  18.9308
187  23.2355
188  23.2692
189  26.8613
190  26.2615
191  0
192  0
193  0
194  0
195  20.3336
196  20.742
197  24.9203
198  24.4816
199  24.3015
200  24.2717
201  24.613
202  24.3136
203  24.3559
204  20.2847
205  28.1068
206  23.7305
207  0
208  0
209  0
210  0
211  5.29656
212  6.00313
213  5.73485
214  5.78535
215  5.32887
216  5.2775
217  13.2873
218  13.6672
219  13.4006
220  13.6364
221  9.23331
222  12.8074
223  0
224  0
225  0
226  0
227  0
228  0
229  0
230  0
231  0
232  0
233  0
234  0
235  0
236  0
237  0
238  0
239  0
240  0
241  0
242  0
243  0
244  0
245  0
246  0
247  0
248  0
249  0
250  0
251  0
252  0
253  0
254  0
255  0
256  0
