1  42.6468
2  43.5556
3  37.1362
4  36.3161
5  47.0062
6  47.9338
7  49.9591
8  49.412
9  45.3651
10  48.3391
11  42.2769
12  39.2528
13  31.7269
14  44.214
15  43.3525
16  43.0705
17  0
18  0
19  0
20  38.8027
21  38.7178
22  46.7057
23  46.8306
24  38.7056
25  46.5721
26  46.5331
27  46.4206
28  46.6432
29  42.2803
30  46.0544
31  46.1174
32  38.043
33  46.0879
34  45.7269
35  41.8431
36  46.1437
37  46.1173
38  45.783
39  45.6977
40  45.7358
41  38.03
42  37.7604
43  37.8095
44  37.6073
45  41.5249
46  37.0207
47  37.0298
48  37.2067
49  41.168
50  40.7155
51  36.3744
52  41.0204
53  41.145
54  33.0705
55  40.6146
56  32.2873
57  40.6554
58  36.4276
59  28.4836
60  36.5851
61  36.2725
62  35.8113
63  35.8308
64  36.0674
65  39.3108
66  38.8273
67  34.6683
68  39.0955
69  43.1994
70  35.0466
71  34.6651
72  30.6224
73  38.7141
74  38.7677
75  34.7195
76  34.8657
77  42.3519
78  29.8713
79  29.9922
80  30.1603
81  7.32587
82  1.19328
83  9.1614
84  17.3888
85  5.17478
86  6.91179
87  0.562127
88  8.73358
89  8.67776
90  4.62814
91  10.8464
92  7.25776
93  5.23179
94  12.9387
95  4.93567
96  9.31149
97  2.52297
98  14.3204
99  12.4912
100  6.62433
101  6.34588
102  2.03716
103  -0.0476119
104  15.8604
105  5.87955
106  5.89358
107  0.0846269
108  16.4897
109  6.43967
110  6.20851
111  6.2043
112  10.5646
113  6.62381
114  6.34672
115  6.49374
116  10.5864
117  10.3819
118  5.97537
119  5.88701
120  11.8431
121  9.72881
122  11.925
123  4.03179
124  6.51105
125  10.524
126  10.3512
127  4.28433
128  6.51776
129  8.37955
130  6.18851
131  10.1853
132  4.44642
133  8.11239
134  3.57955
135  1.51732
136  3.45836
137  9.17418
138  9.38045
139  9.61372
140  3.96924
141  4.44761
142  7.95299
143  -1.98672
144  12.2897
145  5.80197
146  1.60723
147  1.64934
148  9.86284
149  1.59648
150  7.15567
151  9.0103
152  7.08493
153  8.77776
154  4.84761
155  5.00134
156  5.44892
157  7.65239
158  1.40403
159  7.4322
160  1.7506
161  4.64725
162  8.47687
163  4.47866
164  14.6763
165  6.48463
166  0.119851
167  3.91269
168  17.9575
169  5.74134
170  -0.211493
171  -0.0138806
172  10.3572
173  10.5503
174  12.4387
175  10.504
176  8.71269
177  45.7198
178  37.6107
179  37.4078
180  38.1468
181  38.2609
182  38.3986
183  37.8236
184  33.4039
185  45.6967
186  33.3115
187  37.2329
188  33.1296
189  44.6723
190  31.8017
191  32.0099
192  36.0392
193  38.8557
194  38.5731
195  38.6294
196  35.1312
197  43.6391
198  31.378
199  42.891
200  30.8555
201  38.8271
202  38.5902
203  34.3473
204  34.1437
205  41.7218
206  41.227
207  41.5475
208  41.609
209  22.6767
210  22.4695
211  22.3168
212  23.0948
213  22.9655
214  23.2442
215  22.7197
216  22.6823
217  22.458
218  22.6321
219  22.3925
220  22.2669
221  17.8339
222  17.3425
223  21.2654
224  21.33
225  21.0615
226  20.7453
227  20.1124
228  21.6216
229  21.788
230  21.8988
231  21.692
232  21.6365
233  21.2962
234  21.2273
235  29.0411
236  21.0586
237  16.7088
238  20.1789
239  28.1145
240  20.1002
241  18.2958
242  19.8746
243  21.2096
244  22.3351
245  22.74
246  23.2295
247  22.8106
248  17.4821
249  21.484
250  20.623
251  19.7727
252  24.7662
253  29.7505
254  28.3554
255  29.5552
256  26.4836
