1  0
2  0
3  0
4  0
5  0
6  0
7  0
8  0
9  0
10  0
11  0
12  0
13  0
14  0
15  0
16  0
17  0
18  0
19  0
20  0
21  0
22  0
23  0
24  0
25  0
26  0
27  0
28  0
29  0
30  0
31  0
32  0
33  0
34  0
35  0.481984
36  0.794618
37  8.77704
38  8.50523
39  8.45824
40  8.51769
41  8.77486
42  8.63659
43  4.75022
44  8.60768
45  4.47427
46  7.99062
47  0
48  0
49  0
50  0
51  26.0008
52  14.585
53  26.7101
54  18.6683
55  26.3569
56  14.221
57  22.4548
58  22.4209
59  22.5421
60  18.502
61  22.2198
62  21.8275
63  0
64  0
65  0
66  0
67  22.1682
68  22.4887
69  22.7166
70  18.5255
71  22.4067
72  22.4447
73  22.5446
74  22.6121
75  18.534
76  18.7304
77  26.2779
78  21.8926
79  0
80  0
81  0
82  0
83  -6.2708
84  -2.04771
85  -2.27324
86  -4.5581
87  -2.91408
88  -0.762587
89  -2.82814
90  -6.90752
91  -0.698692
92  -0.290443
93  -6.32531
94  -6.59612
95  0
96  0
97  0
98  0
99  -5.94311
100  -1.80532
101  -4.08305
102  -10.4235
103  -6.4896
104  -8.59025
105  -4.61654
106  -6.6136
107  -2.45605
108  -4.04114
109  -10.0885
110  1.66249
111  0
112  0
113  0
114  0
115  -8.91427
116  -4.82699
117  -9.01277
118  -5.43078
119  -11.5208
120  0.435112
121  -3.67839
122  -3.52459
123  -9.45319
124  -1.03223
125  -5.01527
126  -7.18559
127  0
128  0
129  0
130  0
131  -11.1704
132  -0.90919
133  -11.2205
134  -1.74363
135  -7.79173
136  -3.84163
137  -10.16
138  -6.01445
139  -7.81612
140  -3.48001
141  -2.97252
142  -7.51539
143  0
144  0
145  0
146  0
147  1.38066
148  1.61768
149  -8.62624
150  -3.04367
151  -11.1852
152  -3.11674
153  -9.46879
154  -5.45683
155  -11.3131
156  1.09373
157  -2.69218
158  -6.98954
159  0
160  0
161  0
162  0
163  -4.82596
164  1.40336
165  -2.7747
166  -3.10902
167  -9.32072
168  -3.26852
169  -1.54485
170  -7.53814
171  -7.36896
172  -1.04676
173  -4.86416
174  -7.00332
175  0
176  0
177  0
178  0
179  16.7219
180  17.1832
181  21.1478
182  21.0457
183  20.6633
184  16.5013
185  24.9312
186  20.851
187  21.0544
188  21.086
189  28.7465
190  20.0965
191  0
192  0
193  0
194  0
195  25.9843
196  26.3069
197  22.6008
198  22.3135
199  17.9657
200  22.0226
201  26.242
202  26.1477
203  26.2407
204  26.1496
205  21.8593
206  21.5348
207  0
208  0
209  0
210  0
211  0
212  5.45034
213  5.29501
214  5.41724
215  5.05435
216  4.98866
217  5.05841
218  5.29422
219  5.27515
220  5.31612
221  1.00642
222  0.632685
223  0
224  0
225  0
226  0
227  0
228  0
229  0
230  0
231  0
232  0
233  0
234  0
235  0
236  0
237  0
238  0
239  0
240  0
241  0
242  0
243  0
244  0
245  0
246  0
247  0
248  0
249  0
250  0
251  0
252  0
253  0
254  0
255  0
256  0
