1  33.7106
2  34.7269
3  35.9932
4  29.8421
5  31.1749
6  30.9967
7  31.3127
8  31.0039
9  38.0925
10  40.5176
11  37.5998
12  37.3387
13  35.8734
14  35.295
15  34.7571
16  26.2716
17  28.6185
18  28.5712
19  28.6709
20  29.1003
21  28.8308
22  28.866
23  28.9099
24  28.8392
25  28.6939
26  28.4992
27  28.5949
28  29.0021
29  32.6597
30  28.2682
31  28.5351
32  28.2752
33  25.8188
34  25.7287
35  30.0327
36  26.2366
37  26.2391
38  25.8668
39  25.84
40  25.8659
41  25.988
42  25.8654
43  25.9096
44  25.7662
45  29.7008
46  29.2135
47  33.2212
48  25.5297
49  23.0937
50  22.7159
51  22.5508
52  18.9108
53  23.2187
54  18.9837
55  18.7768
56  22.4619
57  26.7641
58  22.7196
59  22.7625
60  22.7135
61  26.3266
62  22.1075
63  22.089
64  26.2199
65  27.154
66  26.7431
67  26.6647
68  26.8817
69  23.2427
70  18.9159
71  18.8104
72  18.7783
73  22.8227
74  18.8457
75  18.7391
76  18.8311
77  26.3445
78  26.1357
79  26.1353
80  22.2856
81  0.897898
82  2.7715
83  -3.25373
84  2.94367
85  -5.28738
86  -7.55878
87  -5.91452
88  0.246627
89  -5.80564
90  -9.87202
91  -11.6369
92  2.78054
93  0.743028
94  0.487605
95  0.504701
96  2.86229
97  -5.95527
98  1.85215
99  -11.9825
100  -1.85522
101  -4.13608
102  -2.46979
103  -2.53911
104  -0.631713
105  -4.64368
106  -6.60232
107  -6.43208
108  -0.019767
109  1.94182
110  1.7097
111  -4.29062
112  4.07455
113  1.14047
114  -5.12427
115  3.02325
116  -0.877957
117  -1.07009
118  0.522895
119  -7.57335
120  -5.61947
121  0
122  28.4586
123  24.5559
124  27.0148
125  218.112
126  26.8472
127  20.7812
128  37.0052
129  0.949973
130  -1.22539
131  2.79796
132  3.05078
133  -3.2581
134  -9.77825
135  -3.82641
136  -9.89287
137  -2.18846
138  -4.00355
139  -5.79039
140  0.54597
141  -6.95544
142  -1.48086
143  0.545438
144  -1.18278
145  -6.53126
146  3.26367
147  -8.65748
148  1.57798
149  -4.66009
150  -11.0777
151  -9.22166
152  -1.1349
153  -1.47297
154  -1.42871
155  0.711092
156  -2.84738
157  27.3433
158  -6.96528
159  -4.96052
160  3.34731
161  -0.714286
162  -0.872166
163  -2.85254
164  -6.62534
165  -4.79211
166  -9.11805
167  -7.32824
168  -1.27362
169  -5.51932
170  -3.50499
171  -7.33047
172  1.01098
173  -2.80538
174  -8.9508
175  -2.91055
176  9.30601
177  26.6732
178  26.3531
179  26.2459
180  26.7122
181  26.685
182  26.3966
183  25.8775
184  21.7689
185  30.2215
186  22.1674
187  18.2821
188  22.3056
189  25.8824
190  21.272
191  21.3646
192  21.634
193  26.7408
194  22.3374
195  22.3569
196  22.7605
197  30.9365
198  18.7368
199  22.3139
200  22.2952
201  26.3936
202  26.5854
203  26.3778
204  22.3132
205  26.1232
206  25.7253
207  26.181
208  26.2052
209  9.59725
210  9.60424
211  9.54059
212  9.82975
213  9.75775
214  9.81922
215  9.36058
216  9.31932
217  9.32892
218  9.71808
219  9.67478
220  9.68972
221  9.25099
222  5.06887
223  4.7751
224  9.12131
225  11.1211
226  11.0596
227  10.6517
228  11.6475
229  11.7314
230  11.7299
231  11.4184
232  11.3559
233  11.2865
234  11.3516
235  11.3144
236  11.3725
237  11.2655
238  10.7639
239  10.7573
240  10.7365
241  8.7965
242  10.1543
243  10.9837
244  11.8535
245  12.094
246  12.5427
247  12.7324
248  12.8308
249  11.1786
250  13.9279
251  14.8117
252  15.0803
253  8.4287
254  10.8872
255  12.4647
256  9.50391
