1  0
2  0
3  0
4  0
5  0
6  0
7  0
8  0
9  0
10  0
11  0
12  0
13  0
14  0
15  0
16  0
17  0
18  0
19  0
20  0
21  0
22  0
23  0
24  0
25  0
26  0
27  0
28  0
29  0
30  0
31  0
32  0
33  0
34  0
35  21.9217
36  26.2871
37  18.293
38  17.9555
39  25.9149
40  17.9242
41  26.2283
42  25.9124
43  25.9516
44  25.831
45  21.7644
46  25.2802
47  0
48  0
49  0
50  0
51  18.412
52  18.958
53  19.2466
54  19.2096
55  18.8234
56  14.6701
57  22.8046
58  22.7447
59  22.8029
60  22.7564
61  22.3711
62  22.164
63  0
64  0
65  0
66  0
67  14.6831
68  18.9169
69  23.2378
70  22.932
71  22.8323
72  22.8183
73  18.8356
74  18.8423
75  18.7446
76  18.8371
77  26.3678
78  18.1679
79  0
80  0
81  0
82  0
83  -5.35945
84  -3.14801
85  -11.3707
86  0.361076
87  -11.9903
88  -3.82734
89  -5.87459
90  -9.93564
91  -7.70818
92  -5.29133
93  -3.32714
94  -9.58545
95  0
96  0
97  0
98  0
99  -1.03586
100  -6.91049
101  -3.19128
102  -9.52081
103  -7.5855
104  -3.67646
105  -5.6802
106  -5.63818
107  -5.48488
108  -9.06418
109  -7.10175
110  -7.34264
111  0
112  0
113  0
114  0
115  -7.98691
116  -9.89338
117  -8.08332
118  -14.4918
119  -8.57932
120  3.38238
121  -8.727
122  -12.5346
123  -12.4459
124  -4.00945
125  -3.98017
126  -8.16325
127  0
128  0
129  0
130  0
131  -2.23496
132  -5.97944
133  -6.28389
134  -4.80207
135  -4.84665
136  -10.9081
137  -13.1961
138  -7.01553
139  -2.80268
140  -8.4565
141  -9.96406
142  -4.49219
143  0
144  0
145  0
146  0
147  -8.69971
148  -0.464759
149  -6.69901
150  -5.11767
151  -5.25242
152  -13.1672
153  -9.50486
154  -13.4758
155  -9.32479
156  -4.90039
157  -8.68429
158  -15.0004
159  0
160  0
161  0
162  0
163  -5.91074
164  -7.67823
165  -7.84625
166  -6.18589
167  -10.382
168  3.6794
169  -12.5723
170  -6.55572
171  -8.37555
172  -8.04768
173  -5.85104
174  -8.0061
175  0
176  0
177  0
178  0
179  15.2475
180  19.7184
181  19.4784
182  15.404
183  14.9146
184  18.8098
185  27.2623
186  14.9867
187  19.289
188  15.3164
189  22.9187
190  22.3277
191  0
192  0
193  0
194  0
195  18.4007
196  18.7945
197  22.9743
198  18.7656
199  22.3388
200  22.3339
201  22.4529
202  18.391
203  18.4399
204  18.3641
205  26.1775
206  17.7995
207  0
208  0
209  0
210  0
211  3.34603
212  3.86478
213  3.7826
214  3.83961
215  3.38066
216  3.34067
217  3.35382
218  3.74009
219  3.48262
220  3.71649
221  3.29415
222  2.87349
223  0
224  0
225  0
226  0
227  0
228  0
229  0
230  0
231  0
232  0
233  0
234  0
235  0
236  0
237  0
238  0
239  0
240  0
241  0
242  0
243  0
244  0
245  0
246  0
247  0
248  0
249  0
250  0
251  0
252  0
253  0
254  0
255  0
256  0
