1  33.0518
2  33.5061
3  34.7216
4  37.2057
5  38.4633
6  36.9042
7  37.6553
8  37.3285
9  45.9333
10  45.4457
11  44.4682
12  44.2073
13  38.1746
14  41.6949
15  41.5486
16  41.6258
17  33.5954
18  33.166
19  34.0093
20  33.6971
21  33.6278
22  33.6132
23  33.6125
24  33.5621
25  41.5099
26  41.2947
27  41.5126
28  34.0311
29  29.5087
30  29.5304
31  41.0168
32  33.0213
33  34.7149
34  34.5611
35  30.6125
36  35.0105
37  34.7425
38  34.5878
39  34.5165
40  34.5353
41  34.6041
42  34.5372
43  34.6581
44  35.0035
45  35.0075
46  34.5558
47  34.0232
48  34.0919
49  31.6595
50  31.4993
51  31.1199
52  31.6364
53  35.6636
54  27.664
55  35.2277
56  23.1132
57  35.2326
58  31.1666
59  31.5007
60  23.5531
61  35.1474
62  31.022
63  30.6375
64  35.6092
65  30.7278
66  26.5006
67  30.1887
68  26.6036
69  30.6774
70  26.6003
71  26.2759
72  26.2452
73  34.3197
74  34.5003
75  30.2601
76  30.6163
77  38.5058
78  30.0262
79  25.6961
80  26.5426
81  1.83437
82  11.7065
83  9.69523
84  11.9232
85  5.71009
86  1.45499
87  3.12135
88  17.292
89  5.24907
90  -0.819639
91  7.40807
92  17.8214
93  1.7828
94  11.504
95  7.50065
96  7.86514
97  3.02298
98  14.8416
99  12.9965
100  7.15352
101  10.8899
102  8.57113
103  8.51858
104  4.43158
105  4.44936
106  6.47329
107  0.647783
108  13.049
109  7.00799
110  4.77459
111  0.75301
112  15.1177
113  5.12487
114  -1.13604
115  1.01097
116  15.111
117  6.9253
118  4.53295
119  4.4635
120  2.41073
121  38.3123
122  38.5285
123  38.6253
124  41.0541
125  39.0849
126  38.9027
127  36.8365
128  9.07193
129  10.8608
130  8.67813
131  4.7076
132  4.94365
133  4.63939
134  4.11232
135  2.07086
136  8.03909
137  5.75493
138  5.9303
139  0.152219
140  16.514
141  11.018
142  12.4809
143  10.5331
144  10.8229
145  4.31396
146  0.123563
147  0.167194
148  8.40547
149  4.15522
150  1.71927
151  3.591
152  7.68423
153  7.36694
154  9.4382
155  9.57369
156  4.03141
157  6.24544
158  5.97682
159  -0.021666
160  10.3025
161  9.0841
162  8.90868
163  2.93175
164  3.14306
165  10.9722
166  4.61627
167  8.41405
168  12.4739
169  6.2452
170  8.29221
171  0.486106
172  10.8638
173  3.05476
174  6.92835
175  6.97574
176  7.21556
177  34.485
178  34.1824
179  30.1197
180  34.6234
181  34.6892
182  34.6705
183  34.1918
184  34.1067
185  34.3174
186  30.184
187  30.2398
188  30.1355
189  37.6947
190  29.124
191  29.181
192  29.2592
193  0
194  0
195  0
196  30.6567
197  39.0692
198  30.764
199  26.5536
200  30.5532
201  38.6472
202  26.5158
203  26.5051
204  26.248
205  34.003
206  33.655
207  33.9649
208  34.0761
209  12.476
210  12.4414
211  12.1575
212  12.9486
213  12.624
214  12.766
215  12.3208
216  12.2924
217  20.3213
218  20.5159
219  20.4708
220  20.4364
221  16.1082
222  11.6606
223  11.5841
224  11.7223
225  17.062
226  16.9408
227  16.5476
228  17.4887
229  17.5425
230  17.6143
231  17.4886
232  9.25922
233  17.1852
234  17.3904
235  17.1485
236  17.2199
237  13.0456
238  12.6018
239  16.495
240  16.6085
241  10.5497
242  19.506
243  19.8567
244  12.8846
245  13.2193
246  13.8416
247  21.991
248  14.2394
249  20.3288
250  23.3814
251  23.8419
252  23.7457
253  21.8084
254  19.4906
255  21.3353
256  18.0692
