1  0
2  0
3  0
4  0
5  0
6  0
7  0
8  0
9  0
10  0
11  0
12  0
13  0
14  0
15  0
16  0
17  0
18  0
19  0
20  0
21  0
22  0
23  0
24  0
25  0
26  0
27  0
28  0
29  0
30  0
31  0
32  0
33  0
34  0
35  23.7523
36  28.1471
37  28.1562
38  27.791
39  27.7558
40  27.7713
41  19.9042
42  19.7534
43  27.7888
44  19.6544
45  23.6088
46  19.1268
47  0
48  0
49  0
50  0
51  40.2581
52  40.8057
53  45.1139
54  44.8832
55  44.4885
56  32.3529
57  44.6825
58  44.4309
59  40.6496
60  44.5931
61  40.1971
62  40.0187
63  0
64  0
65  0
66  0
67  20.5743
68  20.7767
69  24.9091
70  24.8172
71  20.7136
72  20.7085
73  20.7555
74  16.751
75  16.4429
76  16.709
77  24.2183
78  20.0557
79  0
80  0
81  0
82  0
83  0
84  0
85  -3.30502
86  -9.57499
87  -3.92979
88  -1.7749
89  26.1745
90  -1.89068
91  -9.65473
92  -5.23645
93  -7.26975
94  -9.54189
95  0
96  0
97  0
98  0
99  -0.965009
100  -4.83579
101  -3.11678
102  -1.4531
103  -1.52335
104  -9.61992
105  -3.6314
106  -9.5896
107  -9.4318
108  -7.00399
109  -3.04128
110  -7.26625
111  0
112  0
113  0
114  0
115  1.04788
116  -6.85159
117  -5.06254
118  -11.4595
119  -9.5552
120  -7.59584
121  0
122  24.4758
123  302.215
124  31.0338
125  29.0462
126  26.8699
127  0
128  0
129  0
130  0
131  -3.14211
132  -2.90524
133  -5.21584
134  -3.74499
135  -5.79375
136  -5.83926
137  -8.14335
138  -7.9715
139  -7.75393
140  -3.42035
141  -0.921573
142  -7.45572
143  0
144  0
145  0
146  0
147  -2.62275
148  -6.39101
149  -10.6322
150  -3.0539
151  -5.19065
152  0.889368
153  -7.4453
154  -11.42
155  -7.27519
156  5.16669
157  -8.63991
158  -2.92501
159  0
160  0
161  0
162  0
163  -4.85206
164  -6.62627
165  -2.79504
166  -7.13727
167  -5.34172
168  -9.28977
169  -7.54221
170  -5.52507
171  -9.34658
172  3.00546
173  -8.82567
174  -4.97008
175  0
176  0
177  0
178  0
179  20.1212
180  20.5987
181  20.3249
182  16.2539
183  19.7668
184  15.6526
185  24.1121
186  24.0551
187  20.141
188  24.1701
189  27.7422
190  15.1521
191  0
192  0
193  0
194  0
195  19.2217
196  19.6162
197  27.8072
198  19.5991
199  15.1718
200  19.1575
201  27.2822
202  19.2172
203  19.2662
204  19.1936
205  27.0114
206  14.6264
207  0
208  0
209  0
210  0
211  0
212  4.71645
213  4.65096
214  4.69436
215  4.23335
216  4.18189
217  4.19497
218  4.62246
219  4.57367
220  4.60037
221  0.152846
222  3.70586
223  0
224  0
225  0
226  0
227  0
228  0
229  0
230  0
231  0
232  0
233  0
234  0
235  0
236  0
237  0
238  0
239  0
240  0
241  0
242  0
243  0
244  0
245  0
246  0
247  0
248  0
249  0
250  0
251  0
252  0
253  0
254  0
255  0
256  0
