1  0
2  0
3  0
4  34.7613
5  36.0647
6  35.8278
7  36.1012
8  35.9419
9  35.0045
10  32.8061
11  34.48
12  34.2155
13  32.9046
14  32.3261
15  31.7812
16  31.303
17  0
18  0
19  0
20  26.0793
21  25.8342
22  25.8199
23  25.8821
24  25.7991
25  33.6684
26  33.4549
27  33.6069
28  26.0469
29  21.6819
30  21.5071
31  33.3606
32  25.288
33  23.0107
34  22.7345
35  27.0266
36  23.2235
37  23.2291
38  22.8928
39  22.8524
40  22.8808
41  23.1702
42  22.8826
43  26.9148
44  22.7919
45  30.718
46  26.2167
47  30.2512
48  30.5992
49  0
50  0
51  0
52  41.8331
53  49.9725
54  37.9316
55  37.7266
56  41.4079
57  49.7298
58  41.6832
59  41.7141
60  37.67
61  49.2677
62  41.1097
63  41.1
64  37.2361
65  24.1024
66  23.7078
67  19.6261
68  23.8613
69  28.1796
70  15.8421
71  27.7104
72  15.7019
73  27.7611
74  19.7892
75  27.4704
76  15.7539
77  23.5394
78  19.1302
79  23.1579
80  23.2918
81  -6.18081
82  -2.29693
83  -8.34211
84  3.86084
85  -8.3586
86  1.3588
87  -4.99292
88  -2.83218
89  -2.8796
90  -4.94412
91  -4.71899
92  -4.2963
93  -0.325812
94  1.41747
95  -4.573
96  -6.21478
97  -5.96318
98  3.83164
99  -4.00536
100  6.12612
101  -6.14714
102  5.50448
103  -8.56582
104  -0.65597
105  -2.67576
106  -2.63776
107  -6.47871
108  -8.03605
109  -2.07421
110  -4.30009
111  -2.32713
112  -7.95811
113  -2.90417
114  -7.17162
115  -7.01052
116  -8.90907
117  -5.13359
118  -7.53451
119  -7.62509
120  0.335434
121  22.2132
122  26.4183
123  18.5072
124  0.962736
125  -3.02327
126  -1.20757
127  -1.2619
128  -9.04286
129  -6.07715
130  5.74643
131  -10.2244
132  6.03113
133  -6.28948
134  -8.81392
135  -12.8575
136  -0.934825
137  -5.21621
138  -7.04708
139  -8.82393
140  7.51975
141  -3.98281
142  -6.51248
143  -2.49498
144  5.80775
145  -3.57466
146  -3.76335
147  -3.70198
148  8.53761
149  -3.70776
150  -2.13799
151  -2.27276
152  5.80519
153  -6.51756
154  -2.48307
155  -8.33946
156  2.10691
157  26.2979
158  26.0013
159  22.0015
160  32.3238
161  -1.67763
162  0.14538
163  -7.82657
164  -3.59808
165  -1.77578
166  -8.10195
167  -0.326058
168  -0.270489
169  -0.515894
170  -0.491551
171  1.67295
172  -5.99586
173  -5.80063
174  -1.93878
175  -11.913
176  4.32181
177  29.3876
178  21.2964
179  21.1562
180  21.4117
181  29.4061
182  21.5652
183  16.857
184  20.7607
185  25.2156
186  20.9614
187  21.2457
188  25.2893
189  28.8722
190  20.5294
191  24.3592
192  20.6239
193  30.6549
194  22.2634
195  22.503
196  22.6849
197  22.8516
198  22.6763
199  22.2458
200  22.2441
201  30.3497
202  18.3284
203  22.3494
204  22.2653
205  26.0864
206  21.7169
207  22.186
208  26.1922
209  0
210  0
211  0
212  1.75346
213  1.68932
214  9.71807
215  9.28287
216  1.24199
217  9.28652
218  9.42975
219  9.62793
220  9.41646
221  13.2539
222  8.8229
223  8.7665
224  0.860682
225  4.01588
226  3.76373
227  3.56983
228  4.53535
229  12.6318
230  12.3935
231  12.3253
232  12.2434
233  4.21429
234  4.27323
235  4.25078
236  4.31618
237  4.23056
238  3.70734
239  3.72403
240  3.70056
241  6.73492
242  7.83769
243  9.12103
244  9.72181
245  9.83188
246  10.3392
247  10.4719
248  10.583
249  8.98064
250  11.8305
251  12.687
252  12.8518
253  10.4091
254  8.84756
255  10.4804
256  7.53075
