1  38.6643
2  39.4323
3  40.8208
4  43.4831
5  36.8904
6  34.9843
7  35.7164
8  35.4102
9  43.9842
10  43.4587
11  42.8345
12  42.2058
13  40.4462
14  39.9854
15  39.5276
16  34.3001
17  32.4252
18  32.0956
19  40.3989
20  32.7143
21  32.6229
22  32.6856
23  40.7127
24  32.6756
25  32.576
26  32.5633
27  32.5709
28  32.7509
29  36.5554
30  32.1022
31  32.059
32  32.0298
33  37.6607
34  37.4887
35  33.6205
36  37.9969
37  38.0061
38  37.7234
39  37.6603
40  37.7237
41  30.0384
42  29.759
43  30.0262
44  29.7147
45  33.5932
46  33.0996
47  37.0567
48  37.1224
49  35.5802
50  27.4173
51  31.0461
52  27.6723
53  31.7359
54  31.8212
55  27.6179
56  27.5341
57  31.6902
58  31.6737
59  31.6796
60  27.6364
61  31.2226
62  31.0219
63  30.6957
64  26.9999
65  36.6616
66  28.242
67  24.1152
68  28.5509
69  32.7109
70  28.7344
71  32.6457
72  28.6983
73  36.8269
74  28.7623
75  28.6742
76  28.7488
77  36.2414
78  27.8121
79  23.9098
80  24.0084
81  2.6796
82  8.55514
83  4.50649
84  10.7202
85  2.49459
86  10.2103
87  -4.15029
88  8.00253
89  5.93313
90  5.87592
91  8.10676
92  2.52794
93  4.50048
94  4.23871
95  4.26178
96  10.6179
97  8.92011
98  10.7344
99  10.8883
100  3.02078
101  8.74062
102  6.39475
103  10.3129
104  2.20769
105  10.2055
106  6.2288
107  6.41402
108  8.8274
109  10.7879
110  10.563
111  4.56478
112  4.92307
113  6.01548
114  7.73764
115  5.88884
116  -0.02653
117  3.78239
118  -0.630845
119  1.27055
120  15.2283
121  7.11161
122  7.2842
123  5.3757
124  1.82244
125  7.84533
126  9.65771
127  1.61361
128  7.82874
129  4.83836
130  6.67155
131  -1.31202
132  8.93372
133  4.64217
134  -1.90056
135  2.05229
136  13.9776
137  5.67508
138  -0.152644
139  4.04995
140  2.38296
141  8.88232
142  4.36865
143  6.39824
144  6.69794
145  3.33026
146  11.1266
147  -2.79891
148  13.4265
149  9.17857
150  4.74927
151  4.61275
152  8.69942
153  4.35281
154  4.40083
155  4.5281
156  16.96
157  3.17248
158  8.88135
159  4.87415
160  15.19
161  9.17133
162  5.011
163  3.0313
164  9.264
165  1.08374
166  10.7519
167  8.53723
168  4.58156
169  6.34076
170  6.35222
171  4.53855
172  4.8439
173  5.05164
174  2.91046
175  -1.06963
176  9.15951
177  37.074
178  24.9089
179  24.6409
180  25.0979
181  37.0407
182  29.0293
183  24.6035
184  28.5527
185  33.0154
186  28.7636
187  29.0631
188  29.0465
189  36.6444
190  28.096
191  28.1554
192  24.2234
193  36.3321
194  23.9908
195  23.98
196  28.162
197  32.4436
198  28.1717
199  27.8269
200  32.0345
201  32.1445
202  28.0453
203  28.1355
204  28.1181
205  31.9108
206  27.5832
207  27.7281
208  27.9951
209  18.0461
210  17.9536
211  17.8701
212  18.3966
213  18.0706
214  18.2196
215  17.9259
216  17.8093
217  9.98801
218  10.061
219  10.0841
220  10.2774
221  13.9615
222  17.5708
223  17.3299
224  17.6175
225  8.7161
226  8.5185
227  16.3621
228  9.05502
229  9.24631
230  9.14562
231  17.0108
232  8.95898
233  16.9029
234  16.9558
235  16.9432
236  17.0658
237  12.9258
238  12.5071
239  16.4229
240  16.5055
241  14.6451
242  15.3847
243  16.3579
244  17.4039
245  17.7252
246  18.3812
247  18.7458
248  18.853
249  17.0463
250  20.3745
251  20.9503
252  20.7391
253  18.8378
254  16.3895
255  18.3573
256  14.9636
