1  0
2  0
3  0
4  0
5  0
6  0
7  0
8  0
9  0
10  0
11  0
12  0
13  0
14  0
15  0
16  0
17  0
18  0
19  0
20  0
21  0
22  0
23  0
24  0
25  0
26  0
27  0
28  0
29  0
30  0
31  0
32  0
33  0
34  0
35  6.75
36  5.75
37  5.25
38  5.25
39  8.75
40  5.25
41  5.25
42  3.75
43  10.75
44  6.25
45  11.25
46  11.25
47  0
48  0
49  0
50  0
51  13.25
52  17.75
53  21.75
54  18.25
55  22.25
56  13.75
57  26.25
58  21.75
59  21.25
60  33.25
61  22.25
62  16.75
63  0
64  0
65  0
66  0
67  23.75
68  23.75
69  25.25
70  15.75
71  14.25
72  16.75
73  22.75
74  18.25
75  17.25
76  21.75
77  34.75
78  15.25
79  0
80  0
81  0
82  0
83  -6.75
84  -0.75
85  -4.75
86  -11.75
87  -11.25
88  17.75
89  122.75
90  46.25
91  102.75
92  16.25
93  0
94  0
95  0
96  0
97  0
98  0
99  1.25
100  1.75
101  -5.25
102  -5.75
103  0.75
104  1.25
105  -4.25
106  0
107  19.25
108  0
109  -4.75
110  142.75
111  0
112  0
113  0
114  0
115  -1.75
116  6.75
117  -5.75
118  -10.75
119  -10.25
120  0.25
121  152.75
122  0
123  31.25
124  22.75
125  0
126  45.25
127  0
128  0
129  0
130  0
131  -3.75
132  -2.25
133  -1.75
134  -8.25
135  1.25
136  30.75
137  122.75
138  132.75
139  0
140  0
141  92.75
142  0
143  0
144  0
145  0
146  0
147  -1.25
148  1.75
149  0.75
150  -1.25
151  16.25
152  -0.25
153  -3.75
154  0.25
155  152.75
156  142.75
157  0
158  0
159  0
160  0
161  0
162  0
163  2.75
164  4.75
165  -4.75
166  3.25
167  12.75
168  122.75
169  24.25
170  0
171  0
172  0
173  0
174  0
175  0
176  0
177  0
178  0
179  22.75
180  18.75
181  23.75
182  24.25
183  21.75
184  13.75
185  0
186  19.25
187  0
188  0
189  0
190  17.75
191  0
192  0
193  0
194  0
195  22.25
196  0
197  24.25
198  23.75
199  20.25
200  6.75
201  24.75
202  -3.25
203  0
204  0
205  31.25
206  0
207  0
208  0
209  0
210  0
211  218.75
212  0
213  9.75
214  6.75
215  6.25
216  9.75
217  0
218  256.75
219  21.25
220  0
221  0
222  0
223  0
224  0
225  0
226  0
227  0
228  0
229  0
230  0
231  0
232  0
233  0
234  0
235  0
236  0
237  0
238  0
239  0
240  0
241  0
242  0
243  0
244  0
245  0
246  0
247  0
248  0
249  0
250  0
251  0
252  0
253  0
254  0
255  0
256  0
