1  0
2  0
3  0
4  0
5  0
6  0
7  0
8  0
9  0
10  0
11  0
12  0
13  0
14  0
15  0
16  0
17  0
18  0
19  0
20  0
21  0
22  0
23  0
24  0
25  0
26  0
27  0
28  0
29  0
30  0
31  0
32  0
33  0
34  0
35  29.6935
36  26.0945
37  26.1011
38  25.7467
39  33.7169
40  25.7381
41  25.8547
42  25.7063
43  25.7519
44  25.6311
45  25.5699
46  29.0911
47  0
48  0
49  0
50  0
51  42.1886
52  46.7397
53  43.0622
54  38.816
55  42.4314
56  38.2928
57  50.4205
58  42.3704
59  42.4096
60  38.5565
61  50.1436
62  41.7342
63  0
64  0
65  0
66  0
67  26.5006
68  26.7152
69  22.8552
70  18.7642
71  22.4513
72  22.4506
73  26.6771
74  26.4846
75  22.3962
76  26.6764
77  30.1701
78  18.0082
79  0
80  0
81  0
82  0
83  -4.36113
84  -0.154801
85  -4.38541
86  -10.6618
87  -9.01503
88  3.14407
89  -0.906022
90  1.02949
91  1.26099
92  1.68005
93  -8.34038
94  3.38882
95  0
96  0
97  0
98  0
99  2.99901
100  3.12013
101  -3.16255
102  -5.49645
103  -3.5715
104  0.332397
105  -3.67833
106  -5.6353
107  -5.46151
108  2.95549
109  -1.08366
110  -3.32605
111  0
112  0
113  0
114  0
115  -1.00876
116  -0.918217
117  -3.12668
118  -9.52582
119  -9.6225
120  -9.66466
121  30.232
122  -3.58753
123  -3.49139
124  -5.03558
125  0.980071
126  -3.19507
127  0
128  0
129  0
130  0
131  -2.1769
132  0.0596714
133  -0.247658
134  -6.77231
135  1.17033
136  -2.86777
137  -5.1816
138  -9.00533
139  -4.78877
140  5.55778
141  0.045222
142  -6.47495
143  0
144  0
145  0
146  0
147  -0.681291
148  3.55918
149  1.31955
150  0.902652
151  -5.23681
152  0.841728
153  -3.49056
154  -1.45313
155  -9.32393
156  7.10249
157  -4.68751
158  -6.99218
159  0
160  0
161  0
162  0
163  -5.89468
164  6.32095
165  -5.84002
166  3.82877
167  -12.3888
168  -0.334541
169  -6.58427
170  3.42887
171  -4.39536
172  -2.06065
173  0.125838
174  -6.00364
175  0
176  0
177  0
178  0
179  22.0603
180  22.2881
181  26.2592
182  26.2095
183  25.7049
184  25.3774
185  30.0503
186  17.7516
187  22.0863
188  18.117
189  25.7122
190  25.1226
191  0
192  0
193  0
194  0
195  25.1802
196  17.5896
197  25.7728
198  21.2904
199  25.1243
200  21.103
201  25.2176
202  21.1673
203  21.2203
204  21.1471
205  28.7411
206  20.6004
207  0
208  0
209  0
210  0
211  12.1292
212  12.64
213  12.5939
214  12.6361
215  12.1653
216  12.1148
217  4.1344
218  4.57147
219  4.25125
220  4.26171
221  8.09801
222  7.65561
223  0
224  0
225  0
226  0
227  0
228  0
229  0
230  0
231  0
232  0
233  0
234  0
235  0
236  0
237  0
238  0
239  0
240  0
241  0
242  0
243  0
244  0
245  0
246  0
247  0
248  0
249  0
250  0
251  0
252  0
253  0
254  0
255  0
256  0
