1  0
2  0
3  0
4  0
5  0
6  0
7  0
8  0
9  0
10  0
11  0
12  0
13  0
14  0
15  0
16  0
17  0
18  0
19  0
20  0
21  0
22  0
23  0
24  0
25  0
26  0
27  0
28  0
29  0
30  0
31  0
32  0
33  0
34  0
35  10.0802
36  6.27951
37  6.27778
38  5.91379
39  5.88444
40  5.90115
41  14.2226
42  13.8932
43  13.9395
44  13.8024
45  9.73281
46  5.24809
47  0
48  0
49  0
50  0
51  27.5611
52  28.1058
53  28.2081
54  23.9792
55  23.777
56  19.4551
57  23.7676
58  19.7249
59  19.7584
60  19.6983
61  23.3147
62  19.1105
63  0
64  0
65  0
66  0
67  22.6746
68  22.8904
69  23.2292
70  18.9227
71  18.8067
72  18.798
73  26.8348
74  26.8423
75  22.7434
76  22.8174
77  26.3428
78  22.1418
79  0
80  0
81  0
82  0
83  -7.30355
84  2.908
85  -5.32442
86  -5.59534
87  -9.94571
88  4.2016
89  -7.84828
90  4.0949
91  4.32344
92  -1.25911
93  -7.28098
94  -3.55085
95  0
96  0
97  0
98  0
99  -2.97062
100  -0.831552
101  0.888423
102  -3.42954
103  2.48416
104  0.385526
105  -5.62553
106  6.41843
107  -9.4234
108  7.00018
109  -5.0413
110  6.71872
111  0
112  0
113  0
114  0
115  -5.97226
116  2.12004
117  -8.08808
118  1.51552
119  3.42158
120  -4.62415
121  -2.7219
122  -4.54733
123  -8.45288
124  -0.00130107
125  0.0209983
126  1.84222
127  0
128  0
129  0
130  0
131  -3.15552
132  -0.915319
133  -3.23007
134  -3.75047
135  -5.7992
136  -5.8421
137  -2.14775
138  -3.97313
139  -5.76174
140  0.572463
141  -6.92136
142  -1.45043
143  0
144  0
145  0
146  0
147  -0.616381
148  -0.38656
149  -4.62185
150  -5.04233
151  -7.18025
152  0.899119
153  -5.43897
154  4.59187
155  -5.2557
156  5.17924
157  -6.63014
158  3.08387
159  0
160  0
161  0
162  0
163  1.20101
164  1.43362
165  -6.74056
166  -1.07768
167  2.72106
168  -1.22466
169  -1.46829
170  0.541736
171  -7.28253
172  -0.946334
173  1.24008
174  -4.89243
175  0
176  0
177  0
178  0
179  23.2251
180  23.7045
181  23.4344
182  19.3793
183  22.8898
184  18.7688
185  27.2276
186  23.158
187  27.2545
188  23.2704
189  30.8583
190  22.2601
191  0
192  0
193  0
194  0
195  22.5972
196  18.7756
197  26.9472
198  26.7489
199  26.3268
200  26.3191
201  30.6487
202  18.3637
203  18.6135
204  22.3295
205  30.138
206  17.757
207  0
208  0
209  0
210  0
211  10.5591
212  2.84954
213  2.77483
214  10.8357
215  10.3745
216  2.31794
217  10.3343
218  10.7325
219  10.6749
220  2.69412
221  10.2524
222  6.06657
223  0
224  0
225  0
226  0
227  0
228  0
229  0
230  0
231  0
232  0
233  0
234  0
235  0
236  0
237  0
238  0
239  0
240  0
241  0
242  0
243  0
244  0
245  0
246  0
247  0
248  0
249  0
250  0
251  0
252  0
253  0
254  0
255  0
256  0
