1  33.1874
2  33.6544
3  35.0482
4  37.2121
5  38.5259
6  36.966
7  45.7457
8  37.428
9  46.0346
10  45.5128
11  44.6361
12  36.582
13  42.5075
14  42.0701
15  42.3753
16  33.6151
17  33.641
18  33.5299
19  34.0503
20  34.0542
21  33.6933
22  33.7233
23  33.7137
24  33.6503
25  33.5813
26  33.5938
27  33.6126
28  34.093
29  38.1749
30  33.5828
31  33.5729
32  33.5145
33  31.014
34  30.5987
35  34.6631
36  31.0699
37  31.0647
38  30.7384
39  30.618
40  30.6138
41  38.7195
42  38.6135
43  39.0325
44  39.1143
45  35.0844
46  34.5873
47  38.5786
48  38.1742
49  35.7484
50  23.591
51  23.5123
52  24.0079
53  32.0117
54  31.7735
55  31.3493
56  31.2843
57  35.5839
58  23.3234
59  23.6208
60  27.6368
61  35.5577
62  23.1013
63  31.0016
64  27.6337
65  31.0204
66  26.5614
67  26.2701
68  30.6866
69  30.7555
70  30.7035
71  26.3581
72  30.3789
73  30.4225
74  26.4138
75  26.6156
76  26.6934
77  34.6191
78  34.5943
79  34.5945
80  30.5662
81  1.17253
82  5.04818
83  9.02855
84  7.25803
85  1.05603
86  8.8005
87  12.4611
88  10.6372
89  4.59041
90  6.51652
91  0.748572
92  17.159
93  1.11594
94  6.83369
95  6.83568
96  9.20321
97  2.33997
98  8.15107
99  14.3119
100  6.48019
101  10.2011
102  5.88276
103  7.83547
104  9.75196
105  1.76821
106  5.79802
107  5.94636
108  14.365
109  6.31998
110  0.0918422
111  2.0681
112  16.4348
113  6.4344
114  6.16658
115  6.32944
116  2.4313
117  6.23429
118  -0.155748
119  3.76232
120  -0.271778
121  1.62808
122  5.82444
123  13.9221
124  8.38442
125  2.39406
126  6.21805
127  6.15057
128  6.38031
129  8.19675
130  10.0191
131  2.03051
132  8.28355
133  7.9702
134  7.44761
135  7.39941
136  5.36121
137  5.08613
138  7.26267
139  5.4983
140  1.85457
141  4.36317
142  3.83818
143  5.87174
144  16.1449
145  1.649
146  13.4639
147  7.50348
148  5.73036
149  5.47805
150  1.05661
151  4.91619
152  15.0036
153  6.70287
154  6.73589
155  6.91208
156  3.34368
157  1.58202
158  11.2911
159  11.3111
160  7.63326
161  1.45278
162  11.2991
163  13.31
164  13.5137
165  7.3314
166  2.99223
167  0.783202
168  0.8505
169  4.6238
170  4.67625
171  4.86085
172  9.22162
173  1.42565
174  9.30712
175  7.34065
176  5.56513
177  36.6306
178  24.5413
179  33.0224
180  29.0634
181  37.1283
182  25.1828
183  28.6994
184  24.3491
185  36.7258
186  28.6292
187  36.649
188  24.5981
189  32.1071
190  31.5855
191  31.5393
192  31.5816
193  30.9433
194  26.5865
195  30.588
196  27.0801
197  36.12
198  35.2097
199  30.7998
200  35.0532
201  35.0677
202  35.0251
203  30.6895
204  30.5972
205  34.162
206  30.0033
207  30.0814
208  34.1785
209  0
210  0
211  0
212  19.0995
213  19.5432
214  19.5012
215  19.0499
216  19.5784
217  392.774
218  0
219  18.6622
220  18.6199
221  332.409
222  17.9949
223  17.6894
224  18.0071
225  19.2432
226  19.0311
227  15.0164
228  20.5528
229  11.9743
230  12.516
231  12.559
232  11.6471
233  11.5752
234  11.5283
235  11.4656
236  11.548
237  15.1889
238  14.7188
239  10.6148
240  11.5197
241  20.5269
242  21.5664
243  22.0151
244  23.0739
245  23.5345
246  24.1777
247  24.3623
248  24.4047
249  22.6376
250  25.5506
251  25.9319
252  25.8564
253  23.9602
254  21.5625
255  23.9783
256  21.3196
