1  0
2  0
3  0
4  0
5  0
6  0
7  0
8  0
9  0
10  0
11  0
12  0
13  0
14  0
15  0
16  0
17  0
18  0
19  0
20  0
21  0
22  0
23  0
24  0
25  0
26  0
27  0
28  0
29  0
30  0
31  0
32  0
33  0
34  0
35  26.1429
36  22.4286
37  22.3214
38  21.9286
39  22.1429
40  22.1429
41  30.3214
42  30.1071
43  30.1071
44  30.0714
45  26.0357
46  29.5714
47  0
48  0
49  0
50  0
51  14.2885
52  14.9038
53  23.3214
54  23.0357
55  22.9643
56  18.7857
57  27.0357
58  18.7857
59  18.8571
60  19
61  26.4643
62  18.3214
63  0
64  0
65  0
66  0
67  18.2885
68  22.6346
69  19.1786
70  18.8214
71  18.9643
72  18.9286
73  23
74  23.1429
75  22.9286
76  23.2857
77  22.6786
78  22.3571
79  0
80  0
81  0
82  0
83  -5.28571
84  -3.10714
85  -11.2857
86  0.357143
87  -2
88  -3.85714
89  -5.96429
90  -10.0714
91  -7.92857
92  -5.5
93  -3.46429
94  -9.89286
95  0
96  0
97  0
98  0
99  -1
100  -6.71429
101  -3.07143
102  -9.39286
103  -7.5
104  -3.64286
105  -5.82143
106  -5.78571
107  -5.60714
108  -9.25
109  -7.25
110  -7.60714
111  0
112  0
113  0
114  0
115  -7.89286
116  -9.67857
117  -7.96429
118  -14.3929
119  -8.64286
120  3.35714
121  -8.89286
122  -12.6786
123  -12.5714
124  -4.21429
125  -4.17857
126  -8.39286
127  0
128  0
129  0
130  0
131  -2.07143
132  -5.78571
133  -6.07143
134  -4.78571
135  -4.75
136  -10.9643
137  -3.28571
138  -7.25
139  -2.96429
140  -8.71429
141  -10.25
142  -4.67857
143  0
144  0
145  0
146  0
147  -8.71429
148  -0.321429
149  -6.67857
150  -5.03571
151  -5.25
152  -13.1429
153  -9.60714
154  -3.78571
155  -9.60714
156  -5.21429
157  -9
158  -15.1786
159  0
160  0
161  0
162  0
163  -5.89286
164  -7.5
165  -7.78571
166  -6.17857
167  -10.5
168  3.67857
169  -2.71429
170  -6.75
171  -8.60714
172  -8.35714
173  -6.10714
174  -8.35714
175  0
176  0
177  0
178  0
179  18.8929
180  23.3214
181  23.0714
182  19.2143
183  19.1429
184  23.0714
185  23.6786
186  19.5714
187  23.8214
188  20.0714
189  27.8571
190  18.9643
191  0
192  0
193  0
194  0
195  14.3214
196  14.5
197  26.6071
198  14.5714
199  18.25
200  18.4643
201  26.6786
202  14.75
203  14.75
204  14.9643
205  22.8929
206  22.5357
207  0
208  0
209  0
210  0
211  -0.857143
212  -0.107143
213  -0.535714
214  -0.357143
215  -0.392857
216  -0.5
217  -0.642857
218  0.142857
219  8.07143
220  -0.0714286
221  8
222  7.46429
223  0
224  0
225  0
226  0
227  0
228  0
229  0
230  0
231  0
232  0
233  0
234  0
235  0
236  0
237  0
238  0
239  0
240  0
241  0
242  0
243  0
244  0
245  0
246  0
247  0
248  0
249  0
250  0
251  0
252  0
253  0
254  0
255  0
256  0
