1  0
2  0
3  0
4  0
5  0
6  0
7  0
8  0
9  0
10  0
11  0
12  0
13  0
14  0
15  0
16  0
17  0
18  0
19  0
20  0
21  0
22  0
23  0
24  0
25  0
26  0
27  0
28  0
29  0
30  0
31  0
32  0
33  0
34  0
35  32.1363
36  36.3242
37  28.3201
38  27.9486
39  27.9056
40  27.9086
41  36.2182
42  35.8855
43  35.9329
44  35.7949
45  27.7354
46  27.249
47  0
48  0
49  0
50  0
51  0
52  43.964
53  48.2592
54  44.2025
55  43.8057
56  47.4559
57  51.7773
58  47.7142
59  47.7521
60  43.6976
61  51.3128
62  47.1056
63  0
64  0
65  0
66  0
67  22.7325
68  26.9497
69  27.2683
70  26.9454
71  22.8265
72  22.7961
73  34.8137
74  26.8282
75  26.7202
76  22.8128
77  34.3411
78  22.1442
79  0
80  0
81  0
82  0
83  -0.308996
84  1.90126
85  -2.31168
86  5.41431
87  -6.93316
88  9.23525
89  3.19111
90  5.13454
91  1.36814
92  5.78602
93  -0.241552
94  -4.50711
95  0
96  0
97  0
98  0
99  2.99374
100  3.13332
101  -1.1411
102  -7.47039
103  -5.52802
104  8.38434
105  2.38335
106  -1.58393
107  -1.41138
108  5.01725
109  0.968465
110  -5.26427
111  0
112  0
113  0
114  0
115  3.99867
116  0.0955173
117  1.89262
118  -0.495734
119  -2.58056
120  -4.61194
121  3.29215
122  5.46151
123  5.57252
124  2.03116
125  2.04339
126  3.86794
127  0
128  0
129  0
130  0
131  -0.177267
132  4.08079
133  1.77796
134  1.2613
135  -4.78667
136  3.16662
137  -3.12082
138  9.0643
139  -8.7238
140  5.61498
141  6.12417
142  7.59021
143  0
144  0
145  0
146  0
147  -0.643693
148  7.5904
149  1.35552
150  -3.05809
151  -5.19416
152  0.898548
153  2.56796
154  4.61752
155  4.75448
156  5.19968
157  3.38921
158  1.08626
159  0
160  0
161  0
162  0
163  0
164  0
165  5.21652
166  -1.11144
167  2.68417
168  6.74692
169  -1.49385
170  4.52248
171  -5.29858
172  9.04082
173  31.233
174  33.0851
175  0
176  0
177  0
178  0
179  28.2743
180  24.7414
181  28.4895
182  24.3953
183  23.905
184  27.7758
185  28.2251
186  28.1451
187  24.247
188  28.2764
189  31.8656
190  27.2731
191  0
192  0
193  0
194  0
195  24.6164
196  24.7974
197  33.2065
198  20.7598
199  28.3254
200  20.2971
201  28.4122
202  24.3474
203  24.3897
204  24.3097
205  32.1233
206  27.7526
207  0
208  0
209  0
210  0
211  8.57297
212  8.87918
213  8.80101
214  8.84231
215  8.37267
216  8.32455
217  8.33143
218  8.71382
219  8.65796
220  8.6814
221  8.2613
222  7.84136
223  0
224  0
225  0
226  0
227  0
228  0
229  0
230  0
231  0
232  0
233  0
234  0
235  0
236  0
237  0
238  0
239  0
240  0
241  0
242  0
243  0
244  0
245  0
246  0
247  0
248  0
249  0
250  0
251  0
252  0
253  0
254  0
255  0
256  0
