1  0
2  0
3  0
4  0
5  0
6  0
7  0
8  0
9  0
10  0
11  0
12  0
13  0
14  0
15  0
16  0
17  0
18  0
19  0
20  0
21  0
22  0
23  0
24  0
25  0
26  0
27  0
28  0
29  0
30  0
31  0
32  0
33  0
34  0
35  25.8838
36  22.2647
37  22.2571
38  21.8961
39  21.8617
40  21.8704
41  21.9998
42  21.8519
43  21.9076
44  21.7862
45  21.731
46  29.2552
47  0
48  0
49  0
50  0
51  17.3743
52  21.9202
53  26.2124
54  17.9731
55  17.7614
56  17.4352
57  25.7568
58  17.698
59  17.7518
60  17.7036
61  25.3234
62  17.1224
63  0
64  0
65  0
66  0
67  16.662
68  16.8763
69  21.1882
70  20.8789
71  16.7601
72  20.7481
73  24.7836
74  12.8029
75  16.7024
76  12.7882
77  20.3158
78  16.1351
79  0
80  0
81  0
82  0
83  -6.35424
84  -6.14521
85  -8.3702
86  -14.6417
87  -14.9914
88  -4.8307
89  -12.8771
90  -4.93669
91  -2.70964
92  -2.28755
93  -4.30948
94  -6.58949
95  0
96  0
97  0
98  0
99  -11.012
100  -6.87419
101  -7.1523
102  -11.4849
103  -5.5526
104  -7.64477
105  -9.63754
106  -15.6049
107  -11.4458
108  -3.01732
109  -3.05926
110  -7.29154
111  0
112  0
113  0
114  0
115  -7.99669
116  -5.9048
117  -10.1104
118  -2.50983
119  -8.59824
120  1.35773
121  -6.73542
122  -8.56812
123  -4.46302
124  -12.0058
125  -2.00168
126  -0.171343
127  0
128  0
129  0
130  0
131  -8.21768
132  -3.95797
133  -12.2728
134  -2.792
135  -8.83898
136  -8.89914
137  -11.1828
138  -5.01272
139  -12.7935
140  1.55077
141  -11.953
142  -0.495867
143  0
144  0
145  0
146  0
147  -1.66057
148  -7.42513
149  -3.66266
150  -10.087
151  -10.2237
152  -10.1372
153  -12.4733
154  -0.424652
155  -0.294422
156  -3.86875
157  -9.65263
158  -13.9633
159  0
160  0
161  0
162  0
163  -8.84266
164  -0.613701
165  -8.78651
166  -11.1149
167  -7.32076
168  -5.26961
169  -5.51199
170  -9.49892
171  -11.3192
172  -4.98698
173  -6.79675
174  -6.93208
175  0
176  0
177  0
178  0
179  21.2398
180  17.7167
181  25.4788
182  13.4045
183  16.9074
184  16.7923
185  25.2346
186  12.9635
187  17.2851
188  13.3189
189  24.8981
190  12.3098
191  0
192  0
193  0
194  0
195  21.366
196  21.7579
197  25.9413
198  13.7386
199  17.3133
200  13.291
201  21.4111
202  17.3485
203  17.4027
204  17.3225
205  25.1442
206  16.7548
207  0
208  0
209  0
210  0
211  2.33743
212  2.84027
213  2.78137
214  2.82395
215  2.3825
216  2.33743
217  10.3414
218  10.7479
219  10.454
220  2.70767
221  6.29021
222  2.08865
223  0
224  0
225  0
226  0
227  0
228  0
229  0
230  0
231  0
232  0
233  0
234  0
235  0
236  0
237  0
238  0
239  0
240  0
241  0
242  0
243  0
244  0
245  0
246  0
247  0
248  0
249  0
250  0
251  0
252  0
253  0
254  0
255  0
256  0
