1  0
2  0
3  0
4  0
5  0
6  0
7  0
8  0
9  0
10  0
11  0
12  0
13  0
14  0
15  0
16  0
17  0
18  0
19  0
20  0
21  0
22  0
23  0
24  0
25  0
26  0
27  0
28  0
29  0
30  0
31  0
32  0
33  0
34  0
35  10.0794
36  14.2839
37  6.28816
38  5.9478
39  5.90431
40  5.93055
41  14.2553
42  13.9106
43  13.968
44  13.8305
45  9.75003
46  5.27626
47  0
48  0
49  0
50  0
51  27.5554
52  28.1169
53  28.2178
54  23.9977
55  23.8026
56  27.4899
57  31.7973
58  19.7437
59  19.7817
60  19.7312
61  31.3346
62  19.1232
63  0
64  0
65  0
66  0
67  22.6689
68  22.9067
69  31.2431
70  18.959
71  18.8439
72  18.8285
73  26.875
74  26.8822
75  22.7629
76  22.8391
77  26.3645
78  22.1646
79  0
80  0
81  0
82  0
83  -7.27309
84  2.943
85  -5.291
86  4.4388
87  -9.91174
88  4.23745
89  2.18926
90  4.13206
91  4.36254
92  -1.22135
93  2.7588
94  -3.51289
95  0
96  0
97  0
98  0
99  -2.93803
100  -0.797874
101  0.920784
102  -3.39638
103  2.51888
104  0.417644
105  -5.58676
106  6.45465
107  -9.3865
108  7.0382
109  -5.00412
110  6.75998
111  0
112  0
113  0
114  0
115  -5.94045
116  2.15455
117  1.94393
118  1.54694
119  3.45494
120  -4.59004
121  -2.69061
122  -4.51104
123  -8.41306
124  10.0221
125  0.0619853
126  1.88003
127  0
128  0
129  0
130  0
131  -3.12033
132  -0.881957
133  -3.19882
134  -3.71574
135  -5.76635
136  4.1887
137  -2.11585
138  -3.94271
139  -5.72634
140  0.611832
141  3.11172
142  -1.41043
143  0
144  0
145  0
146  0
147  -0.576021
148  -0.341727
149  -4.58336
150  4.99643
151  -7.13845
152  0.94021
153  -5.39495
154  4.63314
155  -5.21143
156  5.22465
157  3.41404
158  3.12838
159  0
160  0
161  0
162  0
163  1.24188
164  1.46923
165  -6.70191
166  -1.04058
167  2.75595
168  -1.18744
169  -1.43064
170  0.580597
171  -7.24422
172  -0.906373
173  1.28032
174  -4.85455
175  0
176  0
177  0
178  0
179  23.2259
180  23.7068
181  31.463
182  19.4092
183  22.9183
184  18.8051
185  27.2584
186  23.1887
187  27.2926
188  23.3198
189  30.8977
190  22.2933
191  0
192  0
193  0
194  0
195  30.5876
196  18.7827
197  26.9605
198  26.7639
199  26.3515
200  26.3441
201  30.4598
202  18.393
203  26.4317
204  22.576
205  30.1716
206  25.7821
207  0
208  0
209  0
210  0
211  10.5585
212  10.8577
213  10.7869
214  10.8435
215  10.3874
216  10.3417
217  10.3557
218  10.7458
219  10.6938
220  10.7113
221  10.2858
222  6.07956
223  0
224  0
225  0
226  0
227  0
228  0
229  0
230  0
231  0
232  0
233  0
234  0
235  0
236  0
237  0
238  0
239  0
240  0
241  0
242  0
243  0
244  0
245  0
246  0
247  0
248  0
249  0
250  0
251  0
252  0
253  0
254  0
255  0
256  0
