1  0
2  0
3  0
4  0
5  0
6  0
7  0
8  0
9  0
10  0
11  0
12  0
13  0
14  0
15  0
16  0
17  0
18  0
19  0
20  0
21  0
22  0
23  0
24  0
25  0
26  0
27  0
28  0
29  0
30  0
31  0
32  0
33  0
34  0
35  33.1631
36  29.3763
37  29.3669
38  29.1839
39  28.9865
40  29.1645
41  29.3117
42  29.1682
43  25.2126
44  28.9268
45  24.8586
46  28.5586
47  0
48  0
49  0
50  0
51  41.6835
52  38.2227
53  50.3332
54  42.2794
55  41.9055
56  37.7571
57  49.8982
58  41.8515
59  41.8979
60  37.8444
61  45.4706
62  41.2576
63  0
64  0
65  0
66  0
67  42.7922
68  43.1878
69  51.3348
70  43.2151
71  42.9231
72  42.9212
73  46.9648
74  46.9671
75  46.8572
76  46.9475
77  50.4812
78  38.2691
79  0
80  0
81  0
82  0
83  15.7434
84  15.9577
85  19.7288
86  17.4596
87  19.1117
88  19.2681
89  17.2092
90  11.1577
91  19.3834
92  21.8044
93  17.7756
94  15.4948
95  0
96  0
97  0
98  0
99  19.064
100  21.2091
101  20.9318
102  22.6142
103  14.5323
104  14.4402
105  20.4463
106  16.4705
107  22.6438
108  15.0549
109  17.0114
110  16.7888
111  0
112  0
113  0
114  0
115  15.0681
116  17.164
117  18.9579
118  18.5633
119  12.4753
120  14.4311
121  46.3316
122  44.5116
123  313.117
124  59.0425
125  320.786
126  48.899
127  0
128  0
129  0
130  0
131  0
132  0
133  246.943
134  52.261
135  52.2149
136  52.1547
137  11.8716
138  24.0473
139  18.2574
140  22.6054
141  51.1014
142  0
143  0
144  0
145  0
146  0
147  17.3682
148  21.606
149  15.3741
150  16.9509
151  14.8094
152  20.8968
153  16.5596
154  14.6063
155  14.7443
156  23.1836
157  51.3839
158  17.0878
159  0
160  0
161  0
162  0
163  0
164  0
165  21.2532
166  22.9239
167  16.7119
168  18.7685
169  18.5206
170  12.5361
171  18.7165
172  19.0527
173  47.2424
174  41.107
175  0
176  0
177  0
178  0
179  45.362
180  41.8219
181  45.8001
182  45.7589
183  45.2715
184  44.9205
185  49.3729
186  45.2896
187  45.3972
188  41.4361
189  45.2271
190  44.4183
191  0
192  0
193  0
194  0
195  0
196  47.9022
197  48.307
198  43.8798
199  43.4608
200  43.4453
201  47.7696
202  43.7106
203  43.7463
204  47.6726
205  51.2759
206  42.9045
207  0
208  0
209  0
210  0
211  0
212  23.9681
213  23.8791
214  23.9417
215  23.48
216  23.4393
217  31.446
218  31.8301
219  31.7706
220  31.7928
221  27.3739
222  22.9523
223  0
224  0
225  0
226  0
227  0
228  0
229  0
230  0
231  0
232  0
233  0
234  0
235  0
236  0
237  0
238  0
239  0
240  0
241  0
242  0
243  0
244  0
245  0
246  0
247  0
248  0
249  0
250  0
251  0
252  0
253  0
254  0
255  0
256  0
