1  33.0032
2  33.7574
3  35.05
4  28.8236
5  38.1443
6  37.9189
7  38.3404
8  30.0277
9  37.0845
10  38.8797
11  36.5607
12  36.3051
13  34.9487
14  38.3956
15  33.8106
16  33.3874
17  30.5591
18  30.5449
19  30.6505
20  31.0742
21  31.0124
22  30.8214
23  30.8786
24  30.8153
25  30.6643
26  30.6094
27  30.5848
28  31.0388
29  30.6871
30  30.5294
31  30.5529
32  30.5006
33  31.0604
34  30.7809
35  27.0705
36  31.2665
37  31.2876
38  30.9232
39  30.8692
40  30.8929
41  31.2174
42  30.8864
43  31.1421
44  30.8172
45  34.7928
46  34.5294
47  30.528
48  30.6792
49  50.1009
50  49.7017
51  45.546
52  50.0901
53  50.1991
54  45.9776
55  45.7876
56  49.484
57  49.7734
58  49.7032
59  49.7764
60  45.7061
61  49.3353
62  49.1307
63  49.1352
64  45.267
65  29.1499
66  24.7442
67  24.689
68  24.8941
69  29.2095
70  28.8941
71  24.8253
72  24.8119
73  28.8397
74  24.8291
75  24.7368
76  24.8115
77  32.3317
78  24.1337
79  24.1605
80  24.3056
81  -0.103457
82  -0.229021
83  -6.27724
84  5.93375
85  -0.296547
86  -4.5734
87  -0.937124
88  -2.79227
89  -4.84445
90  -0.899798
91  1.326
92  1.7475
93  -2.26997
94  1.47039
95  -8.52284
96  7.83963
97  -2.94597
98  4.86393
99  -4.98484
100  5.14739
101  0.861083
102  -3.47969
103  -1.56134
104  -1.65667
105  -1.66759
106  0.355885
107  -5.4494
108  10.9678
109  -3.08392
110  6.68335
111  -9.31398
112  1.05574
113  0.164263
114  1.88493
115  2.03435
116  10.1305
117  3.91436
118  5.5148
119  1.41853
120  5.38462
121  -2.73286
122  3.45882
123  -2.44877
124  8.01097
125  0.034952
126  -0.142476
127  -6.20774
128  12.0144
129  1.9434
130  -0.228628
131  -2.20965
132  4.04321
133  -0.257666
134  -2.78269
135  -6.84847
136  -6.8954
137  2.79249
138  0.980731
139  1.18948
140  5.5384
141  2.02304
142  -2.50468
143  -4.46284
144  -0.179525
145  -0.539384
146  -6.71815
147  -2.65284
148  9.57924
149  1.34363
150  2.9153
151  2.77075
152  0.851982
153  -5.48742
154  0.5645
155  -1.30201
156  3.13768
157  1.33309
158  3.03841
159  -0.967118
160  -0.644049
161  2.28732
162  4.13785
163  -3.83477
164  -1.61573
165  -3.78785
166  5.86649
167  5.67214
168  3.71381
169  3.47382
170  5.47974
171  5.65911
172  -0.00431448
173  0.190316
174  2.03527
175  -5.93708
176  10.3208
177  29.6286
178  25.5331
179  29.1858
180  25.6485
181  29.4307
182  29.3716
183  24.8534
184  24.7499
185  33.2269
186  20.9777
187  25.3032
188  21.5362
189  33.1341
190  20.5212
191  20.4045
192  24.6653
193  30.6905
194  30.3367
195  26.3312
196  30.7294
197  26.9169
198  26.4871
199  26.301
200  22.2817
201  30.4083
202  26.5584
203  26.6179
204  26.5518
205  30.1837
206  25.8103
207  26.2227
208  30.2693
209  13.5495
210  13.5559
211  13.2867
212  13.7843
213  13.7166
214  13.7609
215  13.3197
216  13.2682
217  13.5275
218  13.7387
219  13.6745
220  13.7055
221  13.2788
222  12.8729
223  12.8172
224  13.145
225  11.0676
226  11.0184
227  10.5938
228  11.5589
229  11.6516
230  11.6327
231  11.3328
232  11.2972
233  11.2372
234  11.3152
235  11.2926
236  11.5844
237  15.2429
238  14.766
239  10.7558
240  10.7335
241  17.0047
242  18.1306
243  19.1878
244  11.8027
245  19.9405
246  20.445
247  20.558
248  12.7469
249  19.1085
250  21.8866
251  22.7815
252  22.9462
253  20.4932
254  18.9291
255  20.6303
256  9.56936
