1  32.6809
2  33.6565
3  34.869
4  28.7553
5  38.1032
6  37.8571
7  38.0843
8  29.9099
9  37.1158
10  38.8599
11  36.5284
12  36.2504
13  34.8523
14  38.2673
15  33.7414
16  33.2532
17  30.5066
18  30.2567
19  30.5725
20  31.0115
21  30.7271
22  30.7643
23  30.783
24  30.7265
25  30.4399
26  30.3914
27  30.3223
28  30.6762
29  30.5705
30  30.1676
31  30.2315
32  30.1662
33  30.797
34  30.7113
35  26.8175
36  31.2109
37  31.2002
38  30.8367
39  30.7975
40  30.8312
41  30.9759
42  30.8085
43  30.8629
44  30.7609
45  34.7078
46  34.2097
47  30.2081
48  30.5489
49  33.7563
50  25.5897
51  21.2321
52  25.7846
53  26.0995
54  21.8435
55  21.4682
56  25.3219
57  33.4792
58  25.4368
59  25.6459
60  21.6187
61  33.2048
62  25.0556
63  25.0384
64  21.1707
65  29.057
66  24.672
67  24.3795
68  24.7852
69  28.92
70  28.8165
71  24.734
72  24.7017
73  28.7397
74  24.7398
75  24.4854
76  24.7747
77  32.2916
78  24.1031
79  24.1168
80  24.2405
81  -0.125549
82  -0.251372
83  -6.30214
84  5.91318
85  -0.303571
86  -4.58636
87  -0.948347
88  7.21143
89  -4.85921
90  -0.927043
91  1.31157
92  1.73047
93  -2.29535
94  1.42694
95  -8.55577
96  7.8125
97  -2.97451
98  4.81809
99  -5.00987
100  5.12202
101  0.842551
102  -3.49498
103  -1.57129
104  -1.67325
105  -1.68757
106  0.342449
107  -5.47833
108  10.9292
109  -3.11079
110  6.65111
111  -9.349
112  1.02583
113  0.169335
114  1.8888
115  2.04169
116  10.1327
117  3.93257
118  5.5232
119  1.43257
120  5.36792
121  -2.74722
122  3.44129
123  -2.47859
124  7.9801
125  0.00476923
126  -0.180547
127  -6.25123
128  11.9752
129  1.94298
130  -0.240151
131  -2.21964
132  4.0434
133  -0.268808
134  -2.79545
135  -6.84774
136  -6.8943
137  2.79203
138  0.955916
139  1.1685
140  5.51157
141  1.99769
142  -2.53836
143  -4.50391
144  -0.227707
145  -0.540081
146  -6.74194
147  -2.67213
148  9.56426
149  1.3354
150  2.89983
151  2.74827
152  0.831792
153  -5.51013
154  0.52971
155  -1.32643
156  3.11464
157  1.30321
158  3.0055
159  -0.997975
160  -0.673856
161  2.27033
162  4.11759
163  -3.85734
164  -1.63094
165  -3.80266
166  5.85856
167  5.65482
168  3.70753
169  3.45
170  5.46501
171  5.63264
172  -0.033738
173  0.150451
174  1.99915
175  -5.95751
176  10.281
177  29.6125
178  25.5171
179  29.1725
180  25.6559
181  29.3895
182  29.5796
183  24.8547
184  24.7107
185  32.9422
186  20.8963
187  25.221
188  21.2599
189  33.0888
190  20.2075
191  28.5845
192  24.6037
193  30.6661
194  30.2537
195  26.2692
196  30.6624
197  27.0768
198  26.4049
199  26.2436
200  22.2285
201  30.6024
202  26.5104
203  26.3108
204  26.2406
205  30.056
206  25.6803
207  25.8751
208  30.1561
209  13.5038
210  13.5142
211  13.2337
212  13.7517
213  13.7055
214  13.7121
215  13.2805
216  13.2574
217  13.2452
218  13.648
219  13.3478
220  13.611
221  13.2011
222  12.7452
223  12.7198
224  13.0551
225  11.0042
226  10.7412
227  10.5618
228  11.5386
229  11.653
230  11.3847
231  11.2979
232  11.2566
233  11.2207
234  11.255
235  11.2222
236  11.2691
237  15.1724
238  14.6559
239  10.6642
240  10.6434
241  16.7506
242  18.0783
243  18.8966
244  11.7524
245  19.8537
246  20.3824
247  20.5151
248  12.7347
249  19.0458
250  21.8413
251  22.7118
252  14.8141
253  20.3809
254  18.8383
255  20.4221
256  9.28104
