1  0
2  0
3  0
4  0
5  0
6  0
7  0
8  0
9  0
10  0
11  0
12  0
13  0
14  0
15  0
16  0
17  0
18  0
19  0
20  0
21  0
22  0
23  0
24  0
25  0
26  0
27  0
28  0
29  0
30  0
31  0
32  0
33  0
34  0
35  9.52335
36  5.80789
37  5.79198
38  5.51234
39  5.46404
40  5.5203
41  5.78411
42  5.65712
43  13.7666
44  5.64337
45  1.48556
46  1.02697
47  0
48  0
49  0
50  0
51  20.986
52  25.5595
53  25.6767
54  25.6439
55  21.3278
56  21.1889
57  29.4338
58  17.411
59  17.5337
60  17.4909
61  29.2024
62  20.8145
63  0
64  0
65  0
66  0
67  22.1453
68  18.4561
69  26.6719
70  26.4922
71  26.3673
72  18.403
73  22.5123
74  18.5854
75  22.5023
76  18.7041
77  22.2672
78  17.8735
79  0
80  0
81  0
82  0
83  0.735246
84  2.93014
85  -7.29436
86  -11.5668
87  -7.92239
88  2.22972
89  -9.83677
90  2.0843
91  -5.70315
92  -3.29691
93  -5.33453
94  -9.60314
95  0
96  0
97  0
98  0
99  0.0240397
100  -5.83998
101  -6.12503
102  -8.46165
103  -4.53056
104  5.36877
105  -4.6516
106  -6.62774
107  -4.49558
108  -2.08865
109  -2.12795
110  -8.37516
111  0
112  0
113  0
114  0
115  -5.9161
116  -3.82308
117  -4.02751
118  -8.42693
119  -10.5192
120  -4.5631
121  -8.67682
122  -4.53227
123  -14.4517
124  -2.00954
125  -2.01022
126  -0.189794
127  0
128  0
129  0
130  0
131  -4.11279
132  -5.87157
133  -10.184
134  -6.70011
135  -4.75547
136  -0.821329
137  -5.1236
138  -6.96908
139  -2.77085
140  -2.43745
141  -7.92954
142  -4.48534
143  0
144  0
145  0
146  0
147  -8.6012
148  3.63062
149  -8.60426
150  2.97117
151  -3.16713
152  -1.09521
153  -9.44649
154  -1.41714
155  0.69886
156  1.11089
157  -4.66132
158  -10.9685
159  0
160  0
161  0
162  0
163  1.15696
164  -4.61237
165  -0.78522
166  0.878822
167  0.66793
168  0.721096
169  -9.54529
170  -1.54688
171  0.623673
172  0.944781
173  -6.85568
174  0.978077
175  0
176  0
177  0
178  0
179  25.6847
180  26.1385
181  26.1122
182  26.0115
183  25.6299
184  21.4604
185  25.9109
186  25.8117
187  21.9916
188  22.0509
189  29.7027
190  17.0541
191  0
192  0
193  0
194  0
195  24.9295
196  21.2534
197  25.5183
198  21.2569
199  20.9145
200  20.9558
201  29.1765
202  21.1046
203  17.1825
204  17.0987
205  28.8099
206  16.4706
207  0
208  0
209  0
210  0
211  7.89246
212  8.43297
213  8.27785
214  8.3927
215  8.00755
216  7.97492
217  8.00827
218  8.27644
219  8.23927
220  8.28663
221  7.98312
222  7.60895
223  0
224  0
225  0
226  0
227  0
228  0
229  0
230  0
231  0
232  0
233  0
234  0
235  0
236  0
237  0
238  0
239  0
240  0
241  0
242  0
243  0
244  0
245  0
246  0
247  0
248  0
249  0
250  0
251  0
252  0
253  0
254  0
255  0
256  0
