1  0
2  0
3  0
4  0
5  0
6  0
7  0
8  0
9  0
10  0
11  0
12  0
13  0
14  0
15  0
16  0
17  0
18  0
19  0
20  0
21  0
22  0
23  0
24  0
25  0
26  0
27  0
28  0
29  0
30  0
31  0
32  0
33  0
34  0
35  9.89829
36  14.2735
37  6.2648
38  5.91014
39  13.8793
40  5.89694
41  6.21221
42  13.8997
43  13.9497
44  5.81915
45  9.76002
46  5.2876
47  0
48  0
49  0
50  0
51  26.3739
52  22.9198
53  27.2146
54  22.96
55  26.7716
56  26.465
57  30.785
58  30.7333
59  30.7753
60  26.7338
61  30.3528
62  30.1453
63  0
64  0
65  0
66  0
67  27.6601
68  19.873
69  32.204
70  19.8893
71  27.7852
72  19.7758
73  27.8235
74  23.8318
75  23.7228
76  23.8221
77  31.3478
78  31.1442
79  0
80  0
81  0
82  0
83  0
84  11.8775
85  -2.34603
86  1.38338
87  -2.97066
88  1.18898
89  -4.8641
90  5.07076
91  1.31988
92  1.71714
93  -4.305
94  7.42561
95  0
96  0
97  0
98  0
99  -8.04198
100  10.0936
101  -4.18284
102  7.48068
103  7.41035
104  5.31637
105  1.30807
106  -2.66631
107  -0.493498
108  -0.0762968
109  -4.11238
110  7.6644
111  0
112  0
113  0
114  0
115  -5.01766
116  3.07528
117  -3.13029
118  2.47526
119  -3.61493
120  4.33699
121  4.23932
122  4.41624
123  4.51022
124  4.9667
125  0.979371
126  -3.19613
127  0
128  0
129  0
130  0
131  0
132  0
133  30.7017
134  24.1821
135  28.1244
136  26.0635
137  -4.22571
138  7.9527
139  -3.8427
140  6.51266
141  5.00487
142  -1.52307
143  0
144  0
145  0
146  0
147  -2.67922
148  -4.44853
149  1.31871
150  -1.10553
151  -1.241
152  2.83798
153  -1.49959
154  -1.45967
155  -5.32358
156  5.11829
157  -2.68334
158  3.02196
159  0
160  0
161  0
162  0
163  -2.90879
164  3.31119
165  -2.85196
166  0.806985
167  -5.39151
168  0.66355
169  2.4162
170  -1.55353
171  0.60424
172  2.93872
173  5.1281
174  2.97945
175  0
176  0
177  0
178  0
179  31.2575
180  31.7289
181  31.468
182  27.4104
183  26.9104
184  30.8079
185  27.2596
186  22.9988
187  27.2944
188  23.3144
189  30.9201
190  30.3183
191  0
192  0
193  0
194  0
195  0
196  24.7745
197  28.9563
198  24.7499
199  24.3264
200  28.3129
201  32.4261
202  20.378
203  28.4153
204  24.3398
205  28.1595
206  27.7794
207  0
208  0
209  0
210  0
211  0
212  8.84038
213  8.77608
214  8.82651
215  8.36704
216  8.32341
217  8.33404
218  8.74316
219  8.46917
220  8.69818
221  16.2889
222  11.8581
223  0
224  0
225  0
226  0
227  0
228  0
229  0
230  0
231  0
232  0
233  0
234  0
235  0
236  0
237  0
238  0
239  0
240  0
241  0
242  0
243  0
244  0
245  0
246  0
247  0
248  0
249  0
250  0
251  0
252  0
253  0
254  0
255  0
256  0
