1  24.1458
2  24.5901
3  26.096
4  28.5306
5  29.5122
6  27.9124
7  28.6902
8  28.4188
9  28.9359
10  28.4305
11  27.5416
12  27.2945
13  25.4615
14  29.5049
15  24.5871
16  24.6374
17  27.0195
18  26.5739
19  27.0727
20  27.0925
21  27.0043
22  27.0153
23  26.7144
24  26.6368
25  26.5475
26  26.5825
27  26.6007
28  27.0958
29  31.1256
30  26.578
31  26.5896
32  26.5504
33  30.0351
34  30.0017
35  34.0319
36  22.0757
37  30.0791
38  29.6952
39  29.5747
40  21.5897
41  29.6605
42  29.6264
43  33.6802
44  30.0365
45  30.0445
46  25.5855
47  29.5793
48  29.5139
49  26.7265
50  22.5598
51  26.5419
52  26.7426
53  27.008
54  26.7641
55  22.5424
56  22.2128
57  26.3026
58  26.2338
59  22.5932
60  22.613
61  26.5482
62  22.091
63  22.0001
64  26.6085
65  28.7736
66  20.5266
67  28.5392
68  20.6478
69  24.7223
70  20.6525
71  20.2942
72  20.2943
73  24.3174
74  20.3418
75  20.3104
76  20.6484
77  24.5221
78  20.0883
79  20.0715
80  24.5559
81  3.97845
82  1.86122
83  3.83341
84  2.07572
85  -4.12724
86  -0.389641
87  -4.72715
88  7.45023
89  1.39262
90  -2.67843
91  3.54716
92  -4.04925
93  -2.09072
94  -6.37569
95  -2.36852
96  3.98402
97  3.1661
98  2.98479
99  3.15983
100  -2.69383
101  -0.959215
102  -3.28224
103  -1.32669
104  2.5848
105  0.600374
106  2.60238
107  2.77441
108  -0.820127
109  3.13017
110  0.901204
111  2.87061
112  -2.76139
113  -4.75734
114  0.982109
115  -2.85887
116  3.23592
117  -0.960155
118  0.661488
119  -7.42115
120  -1.47562
121  2.43473
122  0.627652
123  2.71587
124  5.15832
125  -0.820992
126  -2.9919
127  0.943048
128  7.14967
129  -1.98556
130  -6.17106
131  -6.14193
132  4.10226
133  -0.205518
134  -2.71896
135  -2.7678
136  -6.82119
137  -5.10202
138  3.0711
139  -4.70542
140  1.66094
141  -5.8456
142  -2.36734
143  -2.33487
144  1.94249
145  -1.52586
146  -7.71713
147  -1.66987
148  4.55435
149  -3.69887
150  5.88411
151  -10.2443
152  3.83637
153  3.51377
154  5.56011
155  1.71676
156  4.16914
157  -3.62079
158  8.09731
159  -9.8945
160  2.41199
161  -1.768
162  -1.93789
163  -1.93254
164  6.28097
165  -1.89981
166  -8.24312
167  -0.441007
168  1.61516
169  1.37839
170  -0.570871
171  1.60565
172  -4.02301
173  4.16639
174  4.02999
175  -1.92471
176  -1.68933
177  27.5723
178  23.5031
179  23.5298
180  24.0857
181  27.8429
182  28.1325
183  23.6679
184  27.3083
185  31.7249
186  19.6134
187  23.6071
188  19.5333
189  27.0505
190  22.5077
191  22.3349
192  22.5484
193  30.6811
194  18.5284
195  23.0117
196  23.5412
197  27.5782
198  23.1642
199  23.0883
200  27.0699
201  31.0395
202  18.6847
203  18.6581
204  18.5513
205  30.1402
206  17.7369
207  22.0452
208  18.1272
209  10.5948
210  10.5427
211  11.0516
212  11.0974
213  11.5128
214  11.5182
215  11.0675
216  10.6392
217  10.6324
218  10.7092
219  10.6395
220  10.5916
221  10.2449
222  10.0056
223  9.67343
224  9.99697
225  9.1553
226  9.00704
227  9.07331
228  9.60429
229  9.6903
230  10.0062
231  9.65555
232  9.5431
233  9.51161
234  9.51856
235  9.28303
236  9.51016
237  14.0188
238  12.6921
239  8.57109
240  8.66481
241  9.60802
242  10.5426
243  11.0023
244  12.0103
245  12.3293
246  12.9864
247  13.2835
248  13.2993
249  11.6092
250  14.4371
251  14.8967
252  14.7897
253  12.8546
254  11.0198
255  12.8448
256  9.5568
