1  28.2553
2  28.725
3  38.1359
4  32.0925
5  33.2437
6  31.8758
7  32.4949
8  32.3275
9  32.4148
10  40.413
11  39.5235
12  31.3428
13  37.6437
14  37.1375
15  36.7906
16  32.8288
17  34.7256
18  34.6685
19  35.1074
20  27.1347
21  35.0741
22  34.8177
23  35.0182
24  34.7391
25  34.6147
26  34.6554
27  34.6597
28  35.1594
29  31.2524
30  30.7439
31  34.6667
32  34.7007
33  30.1545
34  30.0984
35  34.1715
36  30.2266
37  38.164
38  37.8236
39  37.7311
40  37.7433
41  37.8577
42  37.7516
43  33.8425
44  38.1942
45  34.165
46  29.786
47  29.3004
48  29.7157
49  55.0812
50  42.6871
51  46.5791
52  46.8588
53  51.0749
54  50.8352
55  50.6257
56  46.2904
57  50.4137
58  50.3443
59  50.6644
60  50.6896
61  50.6042
62  50.1785
63  50.1071
64  46.2035
65  30.152
66  29.715
67  29.6633
68  29.7812
69  33.8501
70  21.7522
71  29.4129
72  21.3911
73  29.454
74  25.4299
75  29.3768
76  25.7364
77  33.5885
78  29.1787
79  29.1405
80  33.7248
81  6.70793
82  8.59104
83  8.58476
84  4.79569
85  0.589179
86  10.333
87  -3.99514
88  12.1812
89  0.131869
90  6.07139
91  4.28961
92  4.69465
93  4.66035
94  4.37883
95  -1.61408
96  14.7339
97  5.89962
98  1.71126
99  -0.116034
100  0.0334915
101  1.77659
102  13.4564
103  3.40926
104  11.3443
105  1.34369
106  13.3736
107  3.53734
108  13.9565
109  5.89571
110  5.66569
111  1.63559
112  6.01228
113  3.92971
114  -2.32197
115  -0.157288
116  15.9444
117  1.75457
118  -4.62936
119  -0.690527
120  9.28041
121  1.19588
122  13.388
123  -2.52691
124  11.9374
125  5.94452
126  7.77361
127  7.69853
128  -0.0707193
129  7.74073
130  7.57819
131  7.57535
132  7.83835
133  -0.475976
134  9.02507
135  0.983626
136  4.93967
137  2.6689
138  4.85136
139  -2.92801
140  13.4364
141  5.95127
142  3.39851
143  7.44042
144  1.71715
145  8.19426
146  10.0035
147  6.06219
148  6.2877
149  2.04963
150  3.62916
151  -2.50154
152  7.59835
153  1.29695
154  9.33547
155  3.51174
156  13.9723
157  4.18317
158  5.89127
159  1.89691
160  12.2057
161  8.02256
162  5.8504
163  3.8646
164  10.0642
165  3.8979
166  -2.45064
167  5.3586
168  11.425
169  5.19688
170  1.2584
171  -0.551996
172  7.81793
173  0.0147528
174  9.88984
175  7.92443
176  6.16909
177  34.7154
178  30.661
179  30.6621
180  26.838
181  34.9072
182  22.8969
183  34.4194
184  26.3017
185  30.7041
186  30.3474
187  30.6192
188  30.5602
189  34.1091
190  29.5329
191  33.5646
192  29.5986
193  30.0238
194  25.637
195  25.7122
196  26.1484
197  30.2917
198  26.2064
199  29.7864
200  25.7814
201  30.0688
202  29.7069
203  29.7004
204  29.6068
205  29.1858
206  29.0246
207  29.5146
208  25.5098
209  19.0001
210  19.1154
211  18.6737
212  19.6243
213  19.2004
214  19.2842
215  18.8073
216  18.7616
217  18.7364
218  19.1028
219  18.7179
220  19.06
221  18.5676
222  18.109
223  18.0755
224  18.1122
225  14.5965
226  14.6625
227  14.2676
228  15.0648
229  15.0883
230  15.1229
231  19.0785
232  15.0257
233  14.6054
234  14.593
235  14.564
236  14.5872
237  10.5213
238  14.0363
239  13.6543
240  13.7928
241  13.7255
242  14.733
243  15.1151
244  16.1035
245  16.3706
246  16.9394
247  17.0631
248  17.3099
249  15.6504
250  18.1517
251  18.8587
252  19.0231
253  20.882
254  15.1168
255  16.4571
256  13.6874
