1  11.4557
2  12.205
3  13.6326
4  16.5436
5  10.0885
6  7.99485
7  8.71264
8  8.3684
9  17.0518
10  22.8478
11  15.6099
12  15.1129
13  9.2093
14  12.7315
15  11.9436
16  11.7633
17  10.3301
18  10.0032
19  10.2601
20  10.7537
21  2.51567
22  2.58694
23  10.6094
24  2.54942
25  10.28
26  10.2908
27  10.225
28  2.56254
29  14.3505
30  13.9643
31  9.88555
32  1.87586
33  4.51369
34  4.29117
35  8.40336
36  4.82272
37  4.68536
38  4.57989
39  4.50207
40  4.56185
41  12.7032
42  12.5611
43  12.6332
44  12.5461
45  8.39095
46  7.94738
47  3.90087
48  3.95482
49  27.4981
50  23.2874
51  26.9376
52  27.5795
53  27.659
54  27.7615
55  23.5349
56  27.2921
57  27.5911
58  27.5384
59  27.584
60  27.5061
61  31.0873
62  18.6507
63  18.5651
64  22.8654
65  23.5439
66  23.2471
67  19.0068
68  23.4405
69  23.6248
70  23.649
71  19.5149
72  19.6048
73  23.6828
74  23.6495
75  19.5329
76  19.5926
77  31.1097
78  18.6533
79  18.5562
80  22.9024
81  -3.34475
82  6.52083
83  -5.52227
84  6.68384
85  0.45069
86  -3.83134
87  1.81168
88  -4.03181
89  -4.09281
90  -0.147518
91  -9.90662
92  4.51802
93  -1.49637
94  -7.76362
95  -7.75069
96  4.60269
97  2.81377
98  -3.37914
99  -1.23206
100  2.90003
101  -5.38464
102  0.276417
103  6.20944
104  0.10424
105  -1.89476
106  -1.84185
107  -7.6674
108  2.7535
109  2.71731
110  0.502448
111  4.49257
112  -1.14641
113  -1.0493
114  -1.31366
115  -1.17757
116  2.91687
117  0.698554
118  0.307462
119  -5.79308
120  -1.8334
121  32.0592
122  28.2151
123  228.907
124  26.7943
125  26.8115
126  216.818
127  28.5825
128  32.801
129  1.80601
130  -4.37584
131  3.64538
132  -4.10222
133  -4.41115
134  1.05463
135  -6.9986
136  2.93516
137  -5.36333
138  2.821
139  5.03598
140  3.38134
141  3.86923
142  1.34959
143  -0.615056
144  1.66518
145  -3.67701
146  6.1168
147  -7.80878
148  6.4176
149  0.179979
150  -6.25053
151  -0.393587
152  -6.31098
153  3.36066
154  -0.606916
155  3.54151
156  3.98898
157  4.17975
158  5.88675
159  5.89356
160  -1.80862
161  0
162  0
163  0
164  0
165  0.998483
166  0.666931
167  -1.54879
168  -1.49775
169  2.26691
170  -3.72329
171  0.45386
172  -3.20718
173  32.9799
174  30.8378
175  30.8794
176  27.1226
177  0
178  0
179  0
180  25.9435
181  25.9165
182  21.9213
183  21.4795
184  25.4337
185  25.7272
186  21.6511
187  25.9581
188  25.905
189  29.5167
190  20.9478
191  24.9952
192  21.1074
193  27.207
194  22.8466
195  22.8361
196  23.0418
197  31.3182
198  23.0631
199  22.6829
200  22.9106
201  27.0216
202  26.9417
203  26.9919
204  26.9838
205  26.6326
206  26.4303
207  22.7643
208  26.8974
209  0
210  0
211  0
212  399.549
213  11.9587
214  12.2541
215  11.795
216  11.8065
217  3.85392
218  3.94086
219  306.75
220  3.98061
221  7.82443
222  11.4578
223  11.3564
224  11.4921
225  0
226  0
227  0
228  3.88692
229  11.9178
230  11.9895
231  11.8805
232  11.8162
233  3.77208
234  3.79216
235  3.79705
236  3.91915
237  3.7568
238  7.3496
239  3.23853
240  3.36009
241  12.4607
242  13.1767
243  14.2159
244  15.1723
245  15.6657
246  16.4135
247  16.8123
248  16.9106
249  14.8295
250  18.4975
251  18.9894
252  18.6251
253  8.77482
254  6.27067
255  8.87531
256  4.75665
