1  34.6282
2  35.4287
3  36.797
4  31.1053
5  40.8543
6  38.9714
7  39.4867
8  39.3373
9  39.9102
10  39.4256
11  38.5886
12  38.1917
13  40.3845
14  35.7431
15  35.151
16  38.9573
17  37.4978
18  37.2253
19  37.4703
20  37.7685
21  37.6954
22  37.7555
23  37.7738
24  37.7262
25  37.5931
26  37.5792
27  37.5735
28  37.7211
29  37.5415
30  37.1086
31  37.0744
32  37.0551
33  28.6737
34  28.4617
35  32.5814
36  28.9945
37  28.8316
38  28.7103
39  28.6484
40  28.6772
41  37.0149
42  36.6815
43  36.7534
44  36.664
45  32.515
46  32.0605
47  28.0031
48  28.0923
49  30.6203
50  26.399
51  26.0742
52  30.6992
53  34.7624
54  26.8325
55  22.6181
56  22.5522
57  30.6645
58  30.5867
59  30.5852
60  26.5548
61  30.1323
62  29.7231
63  29.6408
64  25.9136
65  29.6903
66  25.2392
67  29.1509
68  25.5804
69  33.7519
70  25.7521
71  25.6291
72  25.6505
73  33.7295
74  25.6773
75  29.5486
76  21.6171
77  33.139
78  28.6965
79  32.6229
80  24.9774
81  -0.358261
82  11.5053
83  3.47066
84  11.678
85  5.43949
86  3.17071
87  6.81069
88  4.97185
89  4.90111
90  -1.15992
91  5.07433
92  -0.504221
93  7.4785
94  5.21213
95  1.23499
96  9.5966
97  7.83787
98  3.65205
99  7.79205
100  9.93973
101  7.65168
102  1.31861
103  7.25112
104  7.14531
105  -0.838202
106  9.17032
107  9.35677
108  5.766
109  -0.276189
110  5.50074
111  9.4882
112  3.85991
113  3.02014
114  -3.23678
115  -1.09134
116  11.0007
117  2.77856
118  0.375564
119  0.280045
120  10.2382
121  4.14137
122  4.29361
123  0.416917
124  2.88207
125  4.88943
126  2.72271
127  4.65449
128  6.87325
129  0
130  0
131  0
132  0
133  36.6362
134  34.1032
135  36.0553
136  31.9877
137  1.6927
138  1.87646
139  -1.91118
140  14.4301
141  38.9173
142  38.3871
143  32.4249
144  36.7097
145  1.35019
146  11.1648
147  -0.767697
148  9.46487
149  -0.775981
150  8.79785
151  4.65303
152  6.73078
153  8.40179
154  6.44397
155  10.5901
156  5.01576
157  -0.76885
158  2.94183
159  2.93729
160  5.25336
161  5.16765
162  1.01258
163  5.04908
164  3.26938
165  7.09344
166  6.76056
167  0.542963
168  4.59551
169  0.351487
170  8.3651
171  2.54202
172  10.8765
173  5.07153
174  4.9216
175  4.96077
176  5.20059
177  32.0955
178  27.9418
179  31.6389
180  28.0916
181  32.0695
182  28.0512
183  31.6295
184  27.5656
185  35.9927
186  27.7582
187  24.0323
188  24.003
189  35.6249
190  27.0498
191  23.131
192  27.2072
193  33.1965
194  29.0067
195  28.9416
196  29.186
197  33.4686
198  29.1874
199  28.8182
200  20.9976
201  29.136
202  29.0537
203  29.1141
204  25.0695
205  32.7358
206  28.5608
207  32.8711
208  28.9855
209  15.12
210  15.0308
211  14.9322
212  15.4742
213  15.1258
214  15.296
215  14.9798
216  6.86478
217  15.0168
218  15.309
219  15.1198
220  15.1496
221  10.9599
222  14.5889
223  14.533
224  14.6264
225  13.7209
226  13.5361
227  13.3756
228  14.0603
229  14.0979
230  14.1272
231  14.0479
232  13.9315
233  13.9049
234  13.9221
235  13.9288
236  14.0449
237  9.88291
238  9.47737
239  13.2089
240  13.4786
241  17.6149
242  18.3722
243  19.328
244  20.4069
245  20.7071
246  21.3557
247  21.597
248  21.8195
249  20.0556
250  23.1358
251  23.9058
252  23.7215
253  21.8354
254  19.3987
255  21.9293
256  17.9502
