1  12.5581
2  13.0872
3  14.6942
4  17.476
5  18.9856
6  17.5266
7  17.7444
8  17.3649
9  17.9814
10  18.583
11  16.6226
12  16.1427
13  18.3172
14  13.6166
15  13.0456
16  13.5423
17  10.3745
18  10.3266
19  10.3307
20  10.6206
21  10.55
22  10.6641
23  10.6575
24  10.6225
25  10.5165
26  10.5374
27  10.2677
28  10.6641
29  14.5056
30  10.0411
31  9.9846
32  9.96442
33  6.5756
34  6.35988
35  10.467
36  6.73344
37  6.72809
38  6.64334
39  6.56293
40  6.59997
41  14.7558
42  14.642
43  14.6874
44  10.6034
45  14.4922
46  14.0037
47  13.932
48  14.0208
49  26.5296
50  26.339
51  21.9686
52  22.584
53  30.6753
54  26.7495
55  30.5422
56  30.3011
57  30.6258
58  26.5554
59  30.5704
60  30.5191
61  26.0787
62  25.6685
63  25.5697
64  25.9194
65  32.5644
66  24.3109
67  20.0094
68  24.4627
69  28.6467
70  28.6425
71  24.5576
72  24.6217
73  28.6561
74  28.6593
75  28.5551
76  28.5789
77  28.1345
78  27.6857
79  27.6037
80  23.9508
81  5.62438
82  5.48996
83  3.45348
84  -0.343127
85  -0.580731
86  -0.847736
87  -3.20586
88  6.95206
89  -3.12225
90  2.81965
91  3.07761
92  3.48718
93  5.46528
94  1.19862
95  3.21908
96  3.59165
97  3.77204
98  -0.416001
99  -0.275333
100  3.8536
101  1.57672
102  -2.76204
103  1.16129
104  9.06049
105  1.05705
106  1.0835
107  -4.73579
108  5.68094
109  5.64633
110  5.42106
111  5.40887
112  3.7746
113  5.82293
114  5.55835
115  -0.288152
116  1.79901
117  -2.4116
118  7.19796
119  -2.89822
120  3.05495
121  -3.04624
122  1.10946
123  3.21296
124  3.6764
125  5.69621
126  1.51921
127  1.45313
128  -0.306845
129  4.69498
130  2.51734
131  0.550763
132  -1.20378
133  0.485115
134  -2.04572
135  -0.0995406
136  5.84126
137  1.54797
138  3.72702
139  -2.05517
140  2.28063
141  0.781549
142  -5.73528
143  -3.70243
144  12.5915
145  0.187433
146  -1.99511
147  2.06623
148  8.29871
149  0.0571733
150  -0.366353
151  1.49316
152  5.5647
153  5.22667
154  7.25769
155  3.41643
156  -0.142806
157  2.04485
158  3.75534
159  -4.23544
160  10.0905
161  1.0014
162  2.83439
163  2.86996
164  7.08638
165  0.928032
166  2.57917
167  -3.62051
168  6.43345
169  6.18255
170  0.198361
171  2.3709
172  6.71319
173  2.89203
174  0.758249
175  2.79183
176  -0.965765
177  31.8888
178  19.7734
179  27.4297
180  19.7499
181  31.8618
182  19.7146
183  31.3088
184  19.272
185  31.69
186  19.5954
187  31.8751
188  19.8668
189  27.4523
190  26.9011
191  22.9621
192  27.0166
193  27.0235
194  22.8372
195  22.8345
196  23.0289
197  31.2995
198  31.0298
199  26.657
200  22.7393
201  30.9931
202  30.9143
203  30.9688
204  26.935
205  26.6001
206  26.4081
207  22.552
208  22.8778
209  11.9281
210  11.8273
211  11.7331
212  12.2651
213  11.9241
214  12.0974
215  11.8132
216  11.6344
217  11.85
218  11.9343
219  11.9467
220  11.9728
221  7.84191
222  7.43657
223  11.3477
224  11.4793
225  9.58945
226  9.39561
227  9.0196
228  9.93804
229  9.93121
230  9.99395
231  9.88411
232  9.8145
233  9.78119
234  9.81141
235  9.83633
236  9.93752
237  9.81785
238  9.39409
239  9.08449
240  9.41712
241  10.5364
242  11.2894
243  12.2272
244  13.1701
245  13.6619
246  14.3307
247  14.5935
248  14.8282
249  12.8081
250  16.4423
251  16.9265
252  16.661
253  14.3224
254  13.0032
255  14.402
256  10.8777
