1  0
2  0
3  0
4  0
5  0
6  0
7  0
8  0
9  0
10  0
11  0
12  0
13  0
14  0
15  0
16  0
17  0
18  0
19  0
20  0
21  0
22  0
23  0
24  0
25  0
26  0
27  0
28  0
29  0
30  0
31  0
32  0
33  0
34  0
35  21.9246
36  26.2965
37  18.2866
38  17.9592
39  25.9117
40  17.9381
41  26.2273
42  25.9251
43  25.9841
44  25.86
45  21.7884
46  25.3326
47  0
48  0
49  0
50  0
51  18.429
52  18.9783
53  19.2405
54  19.1851
55  18.8253
56  14.6747
57  22.8164
58  22.762
59  22.8198
60  22.784
61  22.4134
62  22.1976
63  0
64  0
65  0
66  0
67  14.6875
68  18.9072
69  23.2177
70  22.9444
71  22.8203
72  22.7977
73  18.8416
74  18.8634
75  18.7693
76  18.8783
77  26.4103
78  18.2212
79  0
80  0
81  0
82  0
83  -5.32797
84  -3.11226
85  -11.337
86  0.394583
87  -11.958
88  -3.79795
89  -5.84813
90  -9.91231
91  -7.68345
92  -5.27332
93  -3.30716
94  -9.56665
95  0
96  0
97  0
98  0
99  -1.01004
100  -6.87818
101  -3.15462
102  -9.48742
103  -7.55373
104  -3.64695
105  -5.65633
106  -5.612
107  -5.45984
108  -9.04221
109  -7.07945
110  -7.32487
111  0
112  0
113  0
114  0
115  -7.95535
116  -9.86244
117  -8.05086
118  -14.4643
119  -8.54815
120  3.41036
121  -8.70261
122  -12.5149
123  -12.4255
124  -3.98999
125  -3.96325
126  -8.14232
127  0
128  0
129  0
130  0
131  -2.21243
132  -5.96073
133  -6.26851
134  -4.79101
135  -4.83159
136  -10.8948
137  -13.1829
138  -7.00607
139  -2.79287
140  -8.44948
141  -9.95426
142  -4.48075
143  0
144  0
145  0
146  0
147  -8.68297
148  -0.446548
149  -6.68118
150  -5.1041
151  -5.24082
152  -13.1594
153  -9.49652
154  -13.4657
155  -9.31712
156  -4.8907
157  -8.67448
158  -14.9864
159  0
160  0
161  0
162  0
163  -5.89845
164  -7.66762
165  -7.8381
166  -6.18164
167  -10.3793
168  3.68042
169  -12.5734
170  -6.55498
171  -8.37394
172  -8.0382
173  -5.84675
174  -7.99983
175  0
176  0
177  0
178  0
179  15.3211
180  19.8051
181  19.7929
182  15.7348
183  15.2485
184  18.9031
185  19.3538
186  15.285
187  19.3954
188  15.4102
189  22.9859
190  22.3979
191  0
192  0
193  0
194  0
195  18.4675
196  18.8846
197  23.283
198  18.8793
199  22.4585
200  22.4336
201  22.7681
202  18.4932
203  18.745
204  18.4455
205  26.2596
206  17.8754
207  0
208  0
209  0
210  0
211  3.41797
212  3.94853
213  3.868
214  3.94071
215  3.48463
216  3.43419
217  3.45234
218  3.83241
219  3.76728
220  3.78225
221  3.36548
222  2.94159
223  0
224  0
225  0
226  0
227  0
228  0
229  0
230  0
231  0
232  0
233  0
234  0
235  0
236  0
237  0
238  0
239  0
240  0
241  0
242  0
243  0
244  0
245  0
246  0
247  0
248  0
249  0
250  0
251  0
252  0
253  0
254  0
255  0
256  0
