1  0
2  0
3  0
4  0
5  0
6  0
7  0
8  0
9  0
10  0
11  0
12  0
13  0
14  0
15  0
16  0
17  0
18  0
19  0
20  0
21  0
22  0
23  0
24  0
25  0
26  0
27  0
28  0
29  0
30  0
31  0
32  0
33  0
34  0
35  13.6794
36  1.97598
37  9.95633
38  9.70187
39  9.66972
40  1.71878
41  9.94097
42  9.79433
43  9.88503
44  9.72691
45  5.59557
46  5.09732
47  0
48  0
49  0
50  0
51  17.1684
52  21.7265
53  29.8451
54  21.8116
55  17.4889
56  17.3479
57  25.6292
58  21.5291
59  21.6866
60  21.6108
61  25.2811
62  24.8824
63  0
64  0
65  0
66  0
67  26.2994
68  22.645
69  22.8246
70  22.7013
71  22.5133
72  22.5362
73  26.6299
74  22.769
75  26.666
76  22.792
77  26.3367
78  21.9316
79  0
80  0
81  0
82  0
83  0.789984
84  2.98504
85  -7.23835
86  -1.51173
87  -7.86655
88  2.28307
89  0.221005
90  2.1428
91  -5.64459
92  -3.23626
93  -5.2784
94  -9.54907
95  0
96  0
97  0
98  0
99  0.0818985
100  -5.78036
101  -6.05893
102  -8.39647
103  -4.46668
104  5.43651
105  -4.58947
106  -6.56691
107  -4.42522
108  7.97583
109  -2.06826
110  -8.32026
111  0
112  0
113  0
114  0
115  -5.85242
116  6.24282
117  -3.95644
118  -8.3622
119  -10.4486
120  5.50662
121  -8.61024
122  -4.46528
123  -4.38484
124  -1.94228
125  -1.9469
126  -0.130281
127  0
128  0
129  0
130  0
131  -4.05054
132  -5.80892
133  -0.118899
134  -6.63867
135  -4.69336
136  -0.758774
137  -5.06208
138  -6.90856
139  -2.71577
140  7.62089
141  -7.87551
142  -4.43195
143  0
144  0
145  0
146  0
147  -8.54642
148  3.69421
149  1.45971
150  3.03583
151  -3.10625
152  -1.03216
153  0.608992
154  -1.36518
155  0.757979
156  1.1696
157  -4.60998
158  -10.9151
159  0
160  0
161  0
162  0
163  1.21609
164  -4.55302
165  -0.728015
166  0.934641
167  0.722057
168  0.771587
169  0.509335
170  -1.49245
171  0.672962
172  0.995878
173  -6.80744
174  1.02624
175  0
176  0
177  0
178  0
179  21.8121
180  22.258
181  30.2317
182  22.1214
183  21.7502
184  17.6229
185  30.0323
186  21.9424
187  18.1269
188  18.1582
189  25.7986
190  21.1312
191  0
192  0
193  0
194  0
195  29.0677
196  17.3649
197  29.6709
198  17.3824
199  25.035
200  17.119
201  25.3085
202  25.2213
203  21.3025
204  21.1994
205  24.8937
206  20.5514
207  0
208  0
209  0
210  0
211  12.0298
212  12.5781
213  12.3985
214  12.5624
215  12.172
216  12.1481
217  12.1772
218  12.3997
219  12.3688
220  12.4001
221  12.0833
222  11.706
223  0
224  0
225  0
226  0
227  0
228  0
229  0
230  0
231  0
232  0
233  0
234  0
235  0
236  0
237  0
238  0
239  0
240  0
241  0
242  0
243  0
244  0
245  0
246  0
247  0
248  0
249  0
250  0
251  0
252  0
253  0
254  0
255  0
256  0
