1  0
2  0
3  0
4  0
5  0
6  0
7  0
8  0
9  0
10  0
11  0
12  0
13  0
14  0
15  0
16  0
17  0
18  0
19  0
20  0
21  0
22  0
23  0
24  0
25  0
26  0
27  0
28  0
29  0
30  0
31  0
32  0
33  0
34  0
35  4.10076
36  8.30738
37  8.31485
38  7.95471
39  7.90896
40  7.91094
41  0.207332
42  -0.135359
43  7.90946
44  -0.228019
45  3.71244
46  -0.75315
47  0
48  0
49  0
50  0
51  20.6112
52  20.9891
53  25.2695
54  25.2302
55  24.8442
56  12.4964
57  24.787
58  24.716
59  20.7488
60  24.7064
61  20.3205
62  20.1234
63  0
64  0
65  0
66  0
67  24.742
68  24.9586
69  21.292
70  21.1735
71  16.87
72  16.824
73  24.8405
74  20.8257
75  20.7195
76  20.8051
77  20.3424
78  16.1476
79  0
80  0
81  0
82  0
83  0
84  0
85  -3.31723
86  -9.58463
87  -3.92431
88  -1.75976
89  26.1983
90  -1.86207
91  -9.62897
92  -5.20801
93  -7.24197
94  -9.51256
95  0
96  0
97  0
98  0
99  -0.992083
100  -4.86151
101  -3.13692
102  -1.46639
103  -1.52722
104  -9.61153
105  -3.61055
106  -9.56395
107  -9.40661
108  -6.97498
109  -3.01554
110  -7.24089
111  0
112  0
113  0
114  0
115  1.01268
116  -6.88378
117  -5.08524
118  -11.4741
119  -9.55811
120  -7.58559
121  0
122  24.4995
123  300.405
124  31.0539
125  29.0686
126  26.8912
127  0
128  0
129  0
130  0
131  -3.17036
132  -2.92778
133  -5.231
134  -3.74961
135  -5.78981
136  -5.82349
137  -8.12172
138  -7.9436
139  -7.73368
140  -3.39498
141  -0.882686
142  -7.42738
143  0
144  0
145  0
146  0
147  -2.64808
148  -6.40889
149  -10.646
150  -3.06036
151  -5.18618
152  0.902827
153  -7.42676
154  -11.3977
155  -7.25054
156  5.19866
157  -8.60904
158  -2.89887
159  0
160  0
161  0
162  0
163  -4.87183
164  -6.64514
165  -2.80807
166  -7.14345
167  -5.33935
168  -9.28071
169  -7.52394
170  -5.50353
171  -9.32567
172  3.03146
173  -8.7936
174  -4.94482
175  0
176  0
177  0
178  0
179  24.2647
180  24.7397
181  24.7028
182  20.42
183  23.8982
184  19.7747
185  28.2269
186  19.9779
187  16.2627
188  20.2841
189  23.8805
190  19.2777
191  0
192  0
193  0
194  0
195  15.5779
196  15.7789
197  23.9615
198  23.7381
199  19.3018
200  23.2991
201  23.4133
202  23.3352
203  23.3801
204  23.3015
205  23.0934
206  18.7388
207  0
208  0
209  0
210  0
211  0
212  9.0553
213  8.7764
214  8.83442
215  8.36995
216  8.31575
217  0.319695
218  0.688441
219  8.43909
220  0.656082
221  4.24446
222  7.83317
223  0
224  0
225  0
226  0
227  0
228  0
229  0
230  0
231  0
232  0
233  0
234  0
235  0
236  0
237  0
238  0
239  0
240  0
241  0
242  0
243  0
244  0
245  0
246  0
247  0
248  0
249  0
250  0
251  0
252  0
253  0
254  0
255  0
256  0
