1  0
2  0
3  0
4  0
5  0
6  0
7  0
8  0
9  0
10  0
11  0
12  0
13  0
14  0
15  0
16  0
17  0
18  0
19  0
20  0
21  0
22  0
23  0
24  0
25  0
26  0
27  0
28  0
29  0
30  0
31  0
32  0
33  0
34  0
35  4.48513
36  4.79296
37  4.76502
38  4.49418
39  4.45039
40  4.50594
41  4.76821
42  4.6479
43  0.750606
44  4.60492
45  0.473653
46  3.98864
47  0
48  0
49  0
50  0
51  21.9921
52  18.5735
53  22.7027
54  22.6622
55  22.3439
56  18.2068
57  26.4466
58  18.4357
59  26.5884
60  14.497
61  26.2215
62  17.8212
63  0
64  0
65  0
66  0
67  18.1644
68  18.4908
69  26.7151
70  14.513
71  18.4091
72  18.4503
73  26.5548
74  18.6123
75  14.5331
76  14.7321
77  22.2878
78  17.8938
79  0
80  0
81  0
82  0
83  -6.27267
84  -2.05532
85  -2.27815
86  -4.56227
87  -2.91878
88  -0.764996
89  -2.83167
90  -6.91441
91  -0.702841
92  -0.29454
93  -6.33115
94  -6.60312
95  0
96  0
97  0
98  0
99  -5.94465
100  -1.80144
101  -4.0811
102  -10.4206
103  -6.49157
104  -8.59067
105  -4.61718
106  -6.61407
107  -2.45761
108  -4.04389
109  -10.0916
110  1.66213
111  0
112  0
113  0
114  0
115  -8.91768
116  -4.82653
117  -9.01262
118  -15.4331
119  -11.5237
120  0.433071
121  -3.68096
122  -3.52822
123  -9.46094
124  -1.03264
125  -5.01458
126  -7.19131
127  0
128  0
129  0
130  0
131  -11.1708
132  -0.913731
133  -11.2225
134  -1.74542
135  -7.79193
136  -3.84623
137  -10.1621
138  -6.01818
139  -7.82005
140  -3.48285
141  -2.97884
142  -7.52223
143  0
144  0
145  0
146  0
147  1.37754
148  1.61354
149  -8.62775
150  -13.0423
151  -11.1829
152  -3.11705
153  -9.46651
154  -5.45827
155  -11.3147
156  1.08987
157  -2.69113
158  -6.98865
159  0
160  0
161  0
162  0
163  -4.82868
164  1.40132
165  -2.77699
166  -3.10738
167  -9.31964
168  -3.27208
169  -11.5432
170  -7.54204
171  -7.37125
172  -1.05008
173  -4.86775
174  -7.00143
175  0
176  0
177  0
178  0
179  20.6977
180  21.1638
181  25.1314
182  25.0983
183  24.6543
184  20.491
185  20.9327
186  16.8405
187  17.0156
188  17.0653
189  24.7224
190  24.0786
191  0
192  0
193  0
194  0
195  21.9736
196  22.2974
197  26.5839
198  18.303
199  21.9589
200  18.0022
201  22.226
202  22.1455
203  22.2297
204  22.1344
205  25.8438
206  25.5179
207  0
208  0
209  0
210  0
211  0
212  1.43369
213  1.2717
214  1.40067
215  1.04054
216  0.989513
217  9.04685
218  9.28408
219  9.2543
220  9.29591
221  4.99124
222  4.62294
223  0
224  0
225  0
226  0
227  0
228  0
229  0
230  0
231  0
232  0
233  0
234  0
235  0
236  0
237  0
238  0
239  0
240  0
241  0
242  0
243  0
244  0
245  0
246  0
247  0
248  0
249  0
250  0
251  0
252  0
253  0
254  0
255  0
256  0
