1  29.6678
2  29.5732
3  31.0477
4  33.4154
5  42.4743
6  40.8868
7  41.7263
8  41.3543
9  33.812
10  33.2615
11  32.5186
12  32.2747
13  34.5428
14  29.805
15  33.6796
16  29.6383
17  33.5012
18  34.1047
19  34.0067
20  25.7508
21  33.6675
22  33.6579
23  33.6408
24  25.5808
25  33.2645
26  33.5613
27  33.5951
28  34.0839
29  33.6465
30  33.6635
31  33.6196
32  25.6619
33  28.7406
34  28.6318
35  32.6878
36  29.0141
37  29.0049
38  28.6197
39  28.5598
40  28.6115
41  36.6679
42  36.6589
43  33.0115
44  37.0204
45  32.5844
46  36.5852
47  36.0803
48  36.5084
49  27.6665
50  27.4841
51  27.1403
52  27.6607
53  27.7203
54  23.6517
55  27.59
56  27.2384
57  31.2882
58  27.245
59  27.5189
60  31.552
61  31.5355
62  27.1361
63  27.0162
64  27.6438
65  27.7612
66  23.3165
67  27.507
68  23.6482
69  31.7052
70  31.6726
71  31.3428
72  31.3116
73  31.3765
74  27.3971
75  27.262
76  27.6815
77  31.5259
78  27.0557
79  27.5857
80  31.5331
81  4.75895
82  2.64706
83  -1.3798
84  0.842072
85  2.66368
86  -3.6023
87  -1.94693
88  8.22375
89  2.17136
90  -1.89706
91  4.33323
92  12.7436
93  6.71419
94  6.43606
95  0.432225
96  4.81594
97  1.94757
98  3.76854
99  -2.05115
100  8.08184
101  1.82928
102  -0.505115
103  -2.56673
104  5.36701
105  1.3592
106  -0.613171
107  3.55179
108  11.9751
109  7.91368
110  7.70588
111  1.67327
112  6.03964
113  -1.00412
114  10.7523
115  2.91024
116  6.99591
117  -1.17571
118  2.42139
119  4.33271
120  4.30473
121  -1.80224
122  6.38343
123  10.4684
124  8.94614
125  -1.05415
126  2.78545
127  2.70926
128  4.93713
129  1.75224
130  -0.433459
131  3.5744
132  11.8493
133  1.54394
134  -4.97263
135  -1.01963
136  4.93963
137  4.65119
138  6.82504
139  7.05163
140  -0.614106
141  1.90754
142  3.37925
143  -4.60503
144  9.6969
145  1.24123
146  1.03764
147  -4.91719
148  7.29781
149  -0.919811
150  2.63679
151  6.50313
152  6.58229
153  0.276604
154  6.3066
155  -3.52194
156  4.91927
157  3.169
158  0.870905
159  0.880435
160  9.17691
161  8.00909
162  5.86061
163  9.86439
164  2.05
165  7.89188
166  3.53799
167  5.3303
168  3.38429
169  1.17097
170  -4.77812
171  1.39394
172  5.7447
173  5.96634
174  3.83459
175  -0.119697
176  6.12068
177  33.5341
178  29.2446
179  33.4497
180  33.9699
181  34.531
182  25.7701
183  33.5893
184  25.2689
185  29.6246
186  25.5581
187  25.5094
188  25.2933
189  32.9443
190  32.2154
191  32.2465
192  32.568
193  30.6214
194  30.5091
195  26.5563
196  26.7509
197  35.0942
198  26.8541
199  22.6594
200  22.6643
201  30.7325
202  26.547
203  26.5828
204  30.4897
205  34.1342
206  25.9309
207  30.0331
208  22.1735
209  12.5746
210  12.5183
211  12.4476
212  12.8732
213  12.9003
214  13.3947
215  12.5935
216  12.5461
217  12.6037
218  12.6298
219  12.5453
220  12.5759
221  8.22155
222  7.70965
223  11.6267
224  11.9786
225  13.1305
226  12.9927
227  13.6705
228  13.4903
229  13.55
230  13.8999
231  13.5096
232  13.4032
233  13.3034
234  13.3926
235  13.3051
236  13.3746
237  13.077
238  12.655
239  8.5193
240  12.5524
241  12.5189
242  12.962
243  13.9039
244  14.9187
245  15.4196
246  15.9364
247  16.1849
248  16.324
249  14.5181
250  17.3679
251  17.8203
252  17.75
253  19.801
254  17.601
255  15.2724
256  12.0034
