1  27.3142
2  27.8436
3  29.1904
4  31.1046
5  32.2585
6  30.9301
7  31.7635
8  31.3853
9  31.3683
10  31.4182
11  30.5134
12  30.3843
13  25.127
14  28.6291
15  27.8126
16  27.8193
17  27.8164
18  27.7481
19  27.7771
20  20.2338
21  28.1517
22  28.1248
23  28.1007
24  19.7853
25  27.7154
26  27.7292
27  27.7521
28  28.2573
29  24.3009
30  23.7409
31  27.7367
32  27.721
33  29.217
34  29.1602
35  25.1828
36  29.2658
37  29.211
38  28.858
39  28.7828
40  28.7423
41  29.1114
42  28.7674
43  29.1123
44  29.2091
45  29.2652
46  28.7743
47  28.7838
48  28.7506
49  26.1541
50  26.1264
51  25.6944
52  26.1591
53  22.1801
54  21.8997
55  21.6965
56  17.3815
57  21.6757
58  17.6898
59  17.7351
60  17.768
61  21.7007
62  17.2677
63  17.2047
64  21.8159
65  25.18
66  20.7411
67  24.6915
68  20.835
69  24.9134
70  20.7995
71  20.4564
72  20.4523
73  28.7111
74  20.7528
75  16.6993
76  16.8245
77  24.6889
78  24.2642
79  20.2522
80  20.7439
81  1.83256
82  1.70768
83  -0.30113
84  1.91568
85  -4.28912
86  -8.54438
87  -6.86966
88  7.30848
89  -4.72543
90  -10.8067
91  -2.57943
92  7.82191
93  1.78553
94  1.50399
95  -2.50121
96  -2.12663
97  -6.98563
98  4.8322
99  2.99858
100  -2.84788
101  0.891045
102  -1.42223
103  -1.46634
104  -5.5458
105  -5.5358
106  6.49915
107  -9.34557
108  3.05505
109  -3.00028
110  -5.22572
111  -9.25551
112  5.11688
113  -4.96239
114  -11.2198
115  -9.06296
116  5.04556
117  -3.14735
118  -5.53151
119  -5.59674
120  2.37321
121  28.2617
122  28.4739
123  28.5543
124  31.0135
125  29.0206
126  28.8469
127  26.7619
128  -0.995353
129  0.816366
130  -1.34914
131  -5.33486
132  -5.09542
133  -5.39112
134  -5.90403
135  -7.94229
136  -1.95601
137  -4.25299
138  -4.07117
139  -9.84522
140  6.51055
141  1.02593
142  2.482
143  0.513966
144  0.809778
145  -5.77438
146  0.0438267
147  -9.90706
148  -1.67308
149  -5.91963
150  1.66538
151  -6.46265
152  -2.3628
153  -2.67428
154  -0.619643
155  -0.459798
156  -6.01887
157  -3.79982
158  -4.07682
159  -10.0923
160  0.232185
161  -0.970201
162  -1.13986
163  -7.12108
164  -6.91021
165  0.931642
166  -5.41693
167  -1.62078
168  2.44232
169  -3.78165
170  -1.73912
171  -9.53916
172  0.842146
173  -6.96908
174  -3.08915
175  -3.05512
176  -2.81982
177  29.06
178  20.6785
179  16.6542
180  20.8816
181  28.9375
182  20.9218
183  20.4691
184  20.3751
185  28.7653
186  16.6875
187  16.6976
188  16.6999
189  24.2152
190  23.7007
191  23.6726
192  23.6869
193  0
194  0
195  0
196  17.2051
197  25.3631
198  25.2825
199  20.8617
200  24.8542
201  25.1562
202  20.7814
203  21.0749
204  20.6992
205  28.5809
206  20.1764
207  20.6032
208  20.6242
209  7.05444
210  7.17151
211  7.23619
212  7.27728
213  7.20353
214  7.26368
215  6.81502
216  6.74504
217  6.7669
218  6.80062
219  7.01399
220  7.066
221  10.5934
222  6.17863
223  6.12081
224  6.20163
225  3.67564
226  3.72111
227  3.34674
228  4.12668
229  4.13095
230  4.18147
231  3.82241
232  3.72404
233  12.0382
234  12.0723
235  11.6043
236  12.0575
237  7.58016
238  7.12251
239  11.0986
240  11.1378
241  4.82759
242  5.75798
243  6.61828
244  7.14311
245  7.36137
246  7.98203
247  8.24178
248  8.09185
249  14.6358
250  17.0952
251  17.8277
252  18.0084
253  15.9266
254  14.0968
255  15.9803
256  12.7458
