1  0
2  0
3  0
4  0
5  0
6  0
7  0
8  0
9  0
10  0
11  0
12  0
13  0
14  0
15  0
16  0
17  0
18  0
19  0
20  0
21  0
22  0
23  0
24  0
25  0
26  0
27  0
28  0
29  0
30  0
31  0
32  0
33  0
34  0
35  31.6765
36  36.082
37  28.0874
38  27.7271
39  27.6966
40  27.7214
41  35.8615
42  35.7128
43  35.7574
44  35.6131
45  27.5583
46  27.0819
47  0
48  0
49  0
50  0
51  0
52  27.708
53  32.0352
54  19.7948
55  27.4154
56  23.2783
57  27.4337
58  23.3676
59  23.5991
60  27.5401
61  27.1328
62  22.724
63  0
64  0
65  0
66  0
67  22.2586
68  26.6745
69  26.8152
70  26.7368
71  22.4362
72  22.4456
73  26.4821
74  26.4804
75  26.3768
76  22.6448
77  34.1533
78  21.7462
79  0
80  0
81  0
82  0
83  -0.303828
84  1.90282
85  -2.31778
86  5.40287
87  -6.95479
88  9.1998
89  3.14645
90  5.08808
91  1.3206
92  5.74127
93  -0.277032
94  -4.54693
95  0
96  0
97  0
98  0
99  3.00349
100  3.13847
101  -1.14284
102  -7.47876
103  -5.55231
104  8.35087
105  2.33846
106  -1.63059
107  -1.45844
108  4.96986
109  0.929261
110  -5.30359
111  0
112  0
113  0
114  0
115  4.01566
116  0.107318
117  1.89535
118  -0.504213
119  -2.60089
120  -4.6457
121  3.24727
122  5.41707
123  5.52916
124  1.99019
125  2.00413
126  3.8287
127  0
128  0
129  0
130  0
131  -0.162825
132  4.08973
133  1.77608
134  1.25133
135  -4.80581
136  3.13648
137  -3.16052
138  9.0209
139  -8.76613
140  5.57434
141  6.07046
142  7.55014
143  0
144  0
145  0
146  0
147  -0.633804
148  7.60217
149  1.3573
150  -3.06135
151  -5.20869
152  0.874325
153  2.53777
154  4.58114
155  4.71786
156  5.15867
157  3.34289
158  1.04853
159  0
160  0
161  0
162  0
163  0
164  0
165  5.22089
166  -1.1131
167  2.67248
168  6.72396
169  -1.52175
170  -5.51334
171  -5.33378
172  9.00264
173  31.1907
174  33.0444
175  0
176  0
177  0
178  0
179  28.0328
180  24.5209
181  28.2241
182  24.1639
183  23.671
184  27.57
185  28.0416
186  27.7493
187  24.0823
188  28.1182
189  31.6712
190  27.0896
191  0
192  0
193  0
194  0
195  24.1488
196  24.5654
197  32.7346
198  20.5526
199  28.1066
200  20.0992
201  28.2184
202  24.1586
203  24.1923
204  24.1291
205  31.7293
206  27.5798
207  0
208  0
209  0
210  0
211  8.1178
212  8.6438
213  8.58374
214  8.62639
215  8.15548
216  8.11646
217  8.13174
218  8.29507
219  8.5242
220  8.54622
221  8.10044
222  7.65035
223  0
224  0
225  0
226  0
227  0
228  0
229  0
230  0
231  0
232  0
233  0
234  0
235  0
236  0
237  0
238  0
239  0
240  0
241  0
242  0
243  0
244  0
245  0
246  0
247  0
248  0
249  0
250  0
251  0
252  0
253  0
254  0
255  0
256  0
