1  -697.402
2  -696.958
3  -686.365
4  -687.625
5  -683.75
6  -717
7  -630.875
8  -673.25
9  -685.69
10  -682.11
11  -690.19
12  -692.208
13  -691.625
14  -692.09
15  -697.21
16  -697.417
17  -580.538
18  -580.917
19  -580.72
20  -580.205
21  -580.356
22  -580.22
23  -580.235
24  -580.208
25  -580.293
26  -580.279
27  -580.294
28  -580.074
29  -580.721
30  -581.088
31  -581.206
32  -581.221
33  -574.221
34  -574.553
35  -578.338
36  -574.144
37  -574.132
38  -574.265
39  -574.441
40  -582.356
41  -574.021
42  -574.412
43  -574.235
44  -582.235
45  -570.529
46  -574.893
47  -575.029
48  -583.015
49  0
50  0
51  0
52  -580.279
53  -576.189
54  -576.083
55  -576.508
56  -584.603
57  -576.208
58  -576.547
59  -576.136
60  -576.28
61  -580.836
62  -585.265
63  -585.221
64  -581.15
65  -579.941
66  -580.559
67  -584.75
68  -580.441
69  -576.235
70  -576.205
71  -576.382
72  -576.265
73  -576.205
74  -576.22
75  -576.279
76  -576.118
77  -576.632
78  -581.103
79  -581.307
80  -577.147
81  -449.171
82  -447.276
83  -449.513
84  -443.301
85  -453.48
86  -443.724
87  -444.145
88  -443.934
89  -448.02
90  -448.061
91  -449.791
92  -451.385
93  -445.395
94  -445.776
95  -449.776
96  -449.25
97  -601.944
98  -598.169
99  -594.056
100  -589.992
101  -602.363
102  -592.688
103  -596.847
104  -594.867
105  -596.9
106  -602.853
107  -596.583
108  -596.1
109  -598.233
110  -600.46
111  -600.427
112  -586.088
113  -601.927
114  -594.282
115  -590.174
116  -595.927
117  -596.379
118  -594.733
119  -603.008
120  -601.217
121  -601.267
122  -594.95
123  -598.767
124  -596.217
125  -600.183
126  -588.344
127  -604.444
128  -588.22
129  -596.073
130  -594.282
131  -598.492
132  -596.363
133  -598.685
134  -597.25
135  -603.483
136  -587.688
137  -601.95
138  -601.6
139  -607.217
140  -592.831
141  -594.367
142  -592.766
143  -600.667
144  -592.326
145  -602.589
146  -598.798
147  -590.868
148  -598.653
149  -602.944
150  -591.462
151  -593.798
152  -593.883
153  -594.2
154  -594
155  -593.782
156  -591.159
157  -599.04
158  -603.2
159  -599.105
160  -594.718
161  -594.75
162  -592.984
163  -594.96
164  -600.783
165  -601.067
166  -593.492
167  -599.833
168  -589.891
169  -594.133
170  -594
171  -593.733
172  -599.363
173  -593.105
174  -595.183
175  -599.073
176  -596.815
177  -572.529
178  -580.912
179  -584.912
180  -584.559
181  -580.441
182  -580.221
183  -580.311
184  -580.189
185  -571.735
186  -583.992
187  -584.191
188  -584.397
189  -576.893
190  -577.564
191  -577.647
192  -577.361
193  -578.221
194  -578.559
195  -578.574
196  -582.311
197  -574.147
198  -581.977
199  -586.118
200  -581.947
201  -573.78
202  -581.985
203  -574.118
204  -586.159
205  -578.691
206  -583.029
207  -583.029
208  -582.806
209  0
210  0
211  0
212  -64.25
213  -599.46
214  -599.105
215  -599.363
216  -599.298
217  -599.406
218  -599.312
219  -599.359
220  -599.438
221  -591.641
222  -592.036
223  -592.471
224  -592.121
225  -593.614
226  -594.25
227  -594.583
228  -593.689
229  -593.438
230  -593.25
231  -593.281
232  -593.328
233  -593.484
234  -593.578
235  -593.629
236  -593.417
237  -593.917
238  -594.28
239  -594.55
240  -594.205
241  0
242  0
243  0
244  -60.75
245  -64.75
246  66.25
247  -55.75
248  -46.75
249  667.75
250  86.25
251  457.75
252  -594.453
253  -591.371
254  -591.871
255  -591.568
256  -593.311
