1  0
2  0
3  0
4  0
5  0
6  0
7  0
8  0
9  0
10  0
11  0
12  0
13  0
14  0
15  0
16  0
17  0
18  0
19  0
20  0
21  0
22  0
23  0
24  0
25  0
26  0
27  0
28  0
29  0
30  0
31  0
32  0
33  0
34  0
35  23.9034
36  28.281
37  28.2783
38  27.9168
39  27.8785
40  27.8885
41  19.9997
42  19.8469
43  19.9032
44  19.7721
45  23.7156
46  19.2324
47  0
48  0
49  0
50  0
51  40.4177
52  41.1439
53  45.2438
54  36.9931
55  44.7969
56  32.448
57  44.7634
58  44.6882
59  40.7276
60  44.6839
61  40.3036
62  40.0918
63  0
64  0
65  0
66  0
67  20.7212
68  20.9383
69  25.2618
70  24.9311
71  20.8144
72  12.795
73  20.8163
74  16.8177
75  16.7044
76  16.7898
77  24.3173
78  20.1297
79  0
80  0
81  0
82  0
83  0
84  0
85  -3.31755
86  -9.57841
87  -3.92032
88  -1.75285
89  26.2
90  -1.85728
91  -9.62656
92  -5.20542
93  -7.24114
94  -9.51135
95  0
96  0
97  0
98  0
99  -0.99406
100  -4.86327
101  -3.13744
102  -1.46296
103  -1.52117
104  -9.60606
105  -3.61022
106  -9.56494
107  -9.40208
108  -6.97608
109  -3.01451
110  -7.24496
111  0
112  0
113  0
114  0
115  1.01168
116  -6.88382
117  -5.08583
118  -11.4719
119  -9.55714
120  -7.58896
121  0
122  24.4995
123  303.578
124  31.0569
125  19.068
126  26.8905
127  0
128  0
129  0
130  0
131  -3.17346
132  -2.93092
133  -5.23544
134  -3.7521
135  -5.79156
136  -5.82844
137  -8.12527
138  -7.94798
139  -7.73081
140  -3.39535
141  -0.883952
142  -7.42873
143  0
144  0
145  0
146  0
147  -2.65106
148  -6.41968
149  -10.6513
150  -3.06613
151  -5.19448
152  0.893395
153  -7.43143
154  -11.4008
155  -7.25169
156  5.19204
157  -8.61282
158  -2.90071
159  0
160  0
161  0
162  0
163  -4.88302
164  -6.65424
165  -2.8179
166  -7.15673
167  -5.3497
168  -9.28973
169  -7.53129
170  -5.51083
171  -9.3292
172  3.02491
173  -8.80017
174  -4.95045
175  0
176  0
177  0
178  0
179  20.2482
180  20.7228
181  20.686
182  16.388
183  19.8889
184  15.7579
185  24.1979
186  23.9612
187  20.2337
188  24.2558
189  27.86
190  15.261
191  0
192  0
193  0
194  0
195  19.3894
196  19.7741
197  27.9503
198  19.7335
199  15.3034
200  19.2752
201  27.3989
202  19.3285
203  19.3679
204  19.2973
205  26.8991
206  14.7357
207  0
208  0
209  0
210  0
211  0
212  4.85877
213  4.76324
214  4.8155
215  4.34815
216  4.30072
217  4.30612
218  4.67936
219  4.62766
220  4.65115
221  0.229838
222  3.80728
223  0
224  0
225  0
226  0
227  0
228  0
229  0
230  0
231  0
232  0
233  0
234  0
235  0
236  0
237  0
238  0
239  0
240  0
241  0
242  0
243  0
244  0
245  0
246  0
247  0
248  0
249  0
250  0
251  0
252  0
253  0
254  0
255  0
256  0
