1  12.204
2  13.2076
3  14.0922
4  16.1379
5  17.3852
6  15.9583
7  16.7001
8  16.3569
9  16.708
10  16.3854
11  15.4832
12  15.2793
13  21.5321
14  21.0288
15  20.7257
16  16.7478
17  10.6939
18  10.626
19  10.6971
20  11.095
21  19.0244
22  18.7827
23  19.0111
24  18.703
25  18.5862
26  18.6245
27  18.6394
28  19.1095
29  15.1824
30  14.6514
31  18.6273
32  18.6394
33  14.0841
34  13.7239
35  18.0604
36  14.1414
37  14.1066
38  21.7459
39  21.6648
40  13.64
41  21.7664
42  21.6872
43  18.0412
44  14.0864
45  18.1163
46  13.6547
47  13.6037
48  13.6062
49  39.0945
50  26.6941
51  30.6024
52  31.089
53  35.0821
54  34.8356
55  34.6096
56  30.2782
57  34.3832
58  34.3181
59  34.6357
60  34.6548
61  34.5647
62  34.1387
63  34.0767
64  30.7009
65  38.0689
66  29.6341
67  29.57
68  29.6796
69  33.7667
70  29.6778
71  29.3213
72  29.3317
73  37.3462
74  25.538
75  29.5219
76  25.6234
77  33.5398
78  29.1089
79  29.055
80  33.6131
81  6.76272
82  8.64094
83  8.62835
84  14.8463
85  10.6309
86  10.3815
87  6.05187
88  12.2265
89  10.1687
90  6.10655
91  4.33776
92  4.72383
93  4.69642
94  14.4193
95  -1.58582
96  14.7758
97  5.8833
98  1.71145
99  -0.132684
100  10.0263
101  1.75712
102  13.4407
103  13.3865
104  11.3044
105  11.3071
106  13.3322
107  13.5017
108  13.9196
109  5.86061
110  5.63704
111  1.61821
112  15.9741
113  3.92023
114  7.65765
115  -0.186044
116  15.9223
117  1.71675
118  5.33697
119  9.25858
120  9.21625
121  11.1099
122  13.2954
123  7.39513
124  11.8579
125  5.86864
126  7.68458
127  7.61022
128  9.84683
129  7.76218
130  7.58291
131  7.59689
132  7.84877
133  9.53501
134  9.02364
135  10.9728
136  4.93009
137  2.64389
138  14.8185
139  -2.95473
140  13.4049
141  5.9166
142  3.36952
143  7.41773
144  11.6969
145  8.25482
146  10.0614
147  6.11916
148  6.34173
149  2.10248
150  13.671
151  7.54052
152  7.6238
153  11.2954
154  9.35008
155  13.5103
156  13.9612
157  4.18429
158  15.8818
159  1.89206
160  12.2018
161  8.07921
162  5.91408
163  3.92881
164  10.1231
165  3.94482
166  7.60062
167  5.39753
168  11.4565
169  5.23044
170  1.28551
171  -0.536398
172  17.8331
173  10.0234
174  9.90409
175  7.93594
176  6.1778
177  34.6111
178  30.5443
179  30.5467
180  34.7176
181  34.7425
182  30.7508
183  34.3195
184  34.2088
185  38.6163
186  30.543
187  30.5495
188  30.5062
189  34.0271
190  29.2742
191  33.5396
192  29.5562
193  37.7003
194  25.585
195  33.6025
196  26.036
197  38.2124
198  26.1292
199  29.6705
200  25.6846
201  37.7438
202  29.6341
203  37.6123
204  29.516
205  37.1435
206  28.7556
207  37.0509
208  25.1812
209  18.6305
210  19.0644
211  18.5774
212  19.0917
213  19.09
214  19.1235
215  19.0403
216  18.5983
217  18.6021
218  19.0033
219  18.5799
220  18.6349
221  18.2309
222  18.0642
223  17.7167
224  18.0449
225  14.5339
226  14.6147
227  14.164
228  14.6285
229  15.0295
230  15.0355
231  18.6318
232  14.543
233  14.5173
234  14.5406
235  22.2544
236  14.5567
237  10.5096
238  14.012
239  22.0075
240  14.0483
241  13.7447
242  14.1392
243  15.5275
244  16.0216
245  16.2709
246  16.8897
247  17.0121
248  17.2184
249  23.5862
250  26.1398
251  26.8625
252  26.796
253  20.8945
254  15.1294
255  16.9784
256  13.7068
