1  0
2  0
3  0
4  0
5  0
6  0
7  0
8  0
9  0
10  0
11  0
12  0
13  0
14  0
15  0
16  0
17  0
18  0
19  0
20  0
21  0
22  0
23  0
24  0
25  0
26  0
27  0
28  0
29  0
30  0
31  0
32  0
33  0
34  0
35  25.846
36  22.2201
37  22.2182
38  21.872
39  21.8247
40  21.843
41  29.9642
42  29.8197
43  29.8648
44  21.7291
45  25.685
46  29.2187
47  0
48  0
49  0
50  0
51  14.3462
52  14.8973
53  22.9978
54  22.9584
55  22.738
56  18.4178
57  26.7196
58  18.4837
59  18.7246
60  18.6806
61  26.2869
62  18.1062
63  0
64  0
65  0
66  0
67  18.6197
68  22.8396
69  18.9754
70  18.867
71  18.7337
72  18.7229
73  22.7553
74  22.7688
75  22.4744
76  22.7533
77  22.2765
78  22.1143
79  0
80  0
81  0
82  0
83  -5.36639
84  -3.15729
85  -11.3801
86  0.353342
87  -12.0037
88  -3.83914
89  -5.88518
90  -9.94571
91  -7.71803
92  -5.30169
93  -3.33276
94  -9.59842
95  0
96  0
97  0
98  0
99  -1.04532
100  -6.91977
101  -3.19822
102  -9.52901
103  -7.59661
104  -3.68858
105  -5.69247
106  -5.64681
107  -5.49241
108  -9.07052
109  -7.10583
110  -7.35238
111  0
112  0
113  0
114  0
115  -7.99851
116  -9.90659
117  -8.09348
118  -14.5025
119  -8.5927
120  3.37127
121  -8.73742
122  -12.5459
123  -12.4529
124  -4.01698
125  -3.98844
126  -8.17238
127  0
128  0
129  0
130  0
131  -2.24555
132  -5.99387
133  -6.29728
134  -4.81802
135  -4.86102
136  -10.9216
137  -3.20819
138  -7.0251
139  -2.81257
140  -8.46416
141  -9.97383
142  -4.5051
143  0
144  0
145  0
146  0
147  -8.71018
148  -0.473721
149  -6.70928
150  -5.12848
151  -5.26354
152  -13.1791
153  -9.5147
154  -3.48272
155  -9.33826
156  -4.90701
157  -8.69154
158  -15.0077
159  0
160  0
161  0
162  0
163  -5.91833
164  -7.68653
165  -7.85315
166  -6.19406
167  -10.3916
168  3.66628
169  -2.58093
170  -6.56247
171  -8.38693
172  -8.05277
173  -5.86393
174  -8.01269
175  0
176  0
177  0
178  0
179  19.2039
180  23.4511
181  23.4216
182  19.3492
183  18.8684
184  22.7468
185  22.9845
186  19.1484
187  23.2355
188  19.265
189  27.08
190  18.2571
191  0
192  0
193  0
194  0
195  14.3425
196  14.7514
197  26.93
198  14.491
199  18.2978
200  18.2803
201  26.392
202  14.3347
203  14.3842
204  14.2992
205  22.1208
206  21.7522
207  0
208  0
209  0
210  0
211  -0.699906
212  -0.191918
213  -0.261351
214  -0.204545
215  -0.662925
216  -0.710464
217  -0.706527
218  -0.535477
219  7.42355
220  -0.332598
221  7.2431
222  6.81461
223  0
224  0
225  0
226  0
227  0
228  0
229  0
230  0
231  0
232  0
233  0
234  0
235  0
236  0
237  0
238  0
239  0
240  0
241  0
242  0
243  0
244  0
245  0
246  0
247  0
248  0
249  0
250  0
251  0
252  0
253  0
254  0
255  0
256  0
