1  0
2  0
3  0
4  0
5  0
6  0
7  0
8  0
9  0
10  0
11  0
12  0
13  0
14  0
15  0
16  0
17  0
18  0
19  0
20  0
21  0
22  0
23  0
24  0
25  0
26  0
27  0
28  0
29  0
30  0
31  0
32  0
33  0
34  0
35  8.96178
36  5.34095
37  13.341
38  13.1631
39  12.9546
40  12.967
41  13.2639
42  12.9586
43  9.17708
44  12.8949
45  8.81498
46  12.5075
47  0
48  0
49  0
50  0
51  25.6622
52  22.2021
53  26.3084
54  26.2719
55  25.8848
56  21.7284
57  25.8691
58  25.8138
59  25.8688
60  21.8225
61  29.6227
62  17.2182
63  0
64  0
65  0
66  0
67  18.7577
68  18.992
69  27.3159
70  27.1953
71  26.9112
72  26.8854
73  30.9254
74  22.9276
75  22.8342
76  22.9292
77  26.4544
78  22.2424
79  0
80  0
81  0
82  0
83  -4.27319
84  -4.06058
85  -0.295161
86  -2.56465
87  -0.913222
88  -0.752707
89  -2.81076
90  -8.85975
91  -0.63126
92  1.78699
93  -2.23904
94  -4.52007
95  0
96  0
97  0
98  0
99  -0.954654
100  1.18765
101  0.908103
102  2.58995
103  -5.49202
104  -5.58444
105  0.423242
106  -3.54879
107  2.62723
108  -4.96242
109  -3.00331
110  -3.23009
111  0
112  0
113  0
114  0
115  -4.95072
116  -2.8561
117  -1.05999
118  -1.45644
119  -7.54969
120  -5.59104
121  26.3112
122  24.4907
123  292.599
124  39.0412
125  300.812
126  28.8797
127  0
128  0
129  0
130  0
131  0
132  0
133  226.445
134  32.2466
135  32.2033
136  32.1403
137  1.85611
138  4.03278
139  -1.75755
140  2.59336
141  31.087
142  0
143  0
144  0
145  0
146  0
147  -2.64582
148  1.59247
149  -4.63918
150  6.93651
151  -5.2057
152  0.880121
153  -3.4555
154  -5.41139
155  -5.26944
156  3.1676
157  31.366
158  -2.92813
159  0
160  0
161  0
162  0
163  0
164  0
165  1.23912
166  2.91004
167  -3.30221
168  -1.24599
169  -1.49728
170  -7.47676
171  -1.3012
172  -0.96426
173  27.2276
174  21.0862
175  0
176  0
177  0
178  0
179  29.3401
180  25.8217
181  29.8167
182  29.7442
183  29.2506
184  20.9021
185  25.3584
186  21.284
187  21.3958
188  25.4233
189  29.2069
190  28.3999
191  0
192  0
193  0
194  0
195  0
196  23.8822
197  32.2841
198  19.8653
199  19.4491
200  19.4433
201  31.7697
202  19.4947
203  19.742
204  23.6657
205  27.262
206  26.8806
207  0
208  0
209  0
210  0
211  0
212  7.93897
213  7.87136
214  7.91754
215  7.46695
216  7.41422
217  15.4355
218  15.8268
219  15.7651
220  7.7895
221  11.3678
222  7.15056
223  0
224  0
225  0
226  0
227  0
228  0
229  0
230  0
231  0
232  0
233  0
234  0
235  0
236  0
237  0
238  0
239  0
240  0
241  0
242  0
243  0
244  0
245  0
246  0
247  0
248  0
249  0
250  0
251  0
252  0
253  0
254  0
255  0
256  0
