1  0
2  0
3  0
4  0
5  0
6  0
7  0
8  0
9  0
10  0
11  0
12  0
13  0
14  0
15  0
16  0
17  0
18  0
19  0
20  0
21  0
22  0
23  0
24  0
25  0
26  0
27  0
28  0
29  0
30  0
31  0
32  0
33  0
34  0
35  25.5396
36  21.8351
37  21.8112
38  21.5604
39  21.4976
40  21.5653
41  29.8115
42  29.6744
43  29.7788
44  29.649
45  25.4997
46  25.0478
47  0
48  0
49  0
50  0
51  21.0135
52  25.5883
53  25.7087
54  17.6689
55  21.3551
56  13.2048
57  21.4521
58  17.4325
59  17.5872
60  17.4948
61  21.207
62  20.8316
63  0
64  0
65  0
66  0
67  22.1693
68  18.4845
69  26.7011
70  18.5143
71  18.3816
72  18.4213
73  22.542
74  18.6007
75  22.5231
76  18.7074
77  22.2698
78  17.883
79  0
80  0
81  0
82  0
83  -9.24929
84  2.94394
85  -7.28395
86  -11.5552
87  -7.91274
88  2.24233
89  -9.8243
90  2.09335
91  -15.6926
92  -3.28697
93  -5.32745
94  -9.59228
95  0
96  0
97  0
98  0
99  0.0372766
100  -5.82856
101  -6.10991
102  -8.44967
103  -4.52075
104  5.37767
105  -4.64434
106  -6.62134
107  -4.48395
108  -2.07751
109  -2.11976
110  -8.36431
111  0
112  0
113  0
114  0
115  -5.90293
116  -3.80755
117  -4.01009
118  -8.41636
119  -10.5111
120  -4.55271
121  -8.66677
122  -4.52325
123  -14.4413
124  -1.99435
125  -1.9961
126  -0.181041
127  0
128  0
129  0
130  0
131  -4.09622
132  -5.85837
133  -10.1727
134  -6.6915
135  -14.7429
136  -0.810509
137  -5.11092
138  -6.95746
139  -2.7614
140  -2.42738
141  -7.91877
142  -14.4752
143  0
144  0
145  0
146  0
147  -8.5865
148  3.64473
149  -8.59348
150  2.98549
151  -13.1559
152  -1.08709
153  -9.4398
154  -1.41117
155  -9.2916
156  1.12449
157  -4.65069
158  -10.959
159  0
160  0
161  0
162  0
163  1.17701
164  -4.59214
165  -10.768
166  0.894503
167  0.682282
168  0.734749
169  -9.53276
170  -1.53038
171  0.637831
172  0.957019
173  -6.8472
174  -9.00724
175  0
176  0
177  0
178  0
179  25.7062
180  26.1624
181  26.1457
182  26.1107
183  25.6655
184  13.4991
185  25.9423
186  25.8389
187  22.011
188  22.0777
189  21.7186
190  17.0615
191  0
192  0
193  0
194  0
195  24.9395
196  21.2722
197  25.5781
198  21.2943
199  20.9461
200  20.9995
201  29.2024
202  21.1236
203  17.2074
204  17.1222
205  28.8243
206  16.4865
207  0
208  0
209  0
210  0
211  7.90784
212  8.45297
213  8.29986
214  8.42598
215  8.05797
216  8.04179
217  8.05504
218  8.30044
219  8.26757
220  8.31619
221  8.00159
222  7.62196
223  0
224  0
225  0
226  0
227  0
228  0
229  0
230  0
231  0
232  0
233  0
234  0
235  0
236  0
237  0
238  0
239  0
240  0
241  0
242  0
243  0
244  0
245  0
246  0
247  0
248  0
249  0
250  0
251  0
252  0
253  0
254  0
255  0
256  0
