1  9.67004
2  10.6723
3  11.9107
4  13.7644
5  15.1101
6  14.9161
7  15.1399
8  14.9641
9  14.0425
10  16.0453
11  13.5236
12  13.2501
13  11.8362
14  11.2561
15  10.7231
16  10.2407
17  4.57042
18  4.5062
19  4.61519
20  5.04192
21  12.787
22  12.8337
23  12.8743
24  12.8005
25  4.65181
26  4.59046
27  12.5466
28  4.76646
29  8.63135
30  4.23409
31  4.5184
32  4.21953
33  9.76827
34  9.67639
35  5.78934
36  10.1903
37  10.1934
38  9.83422
39  9.79966
40  9.8157
41  9.9459
42  9.80814
43  9.8476
44  9.71256
45  5.67932
46  5.19502
47  9.1965
48  9.51044
49  30.8489
50  22.6634
51  22.3075
52  18.8598
53  30.9641
54  18.931
55  18.7405
56  22.4156
57  26.7412
58  22.4934
59  22.7138
60  22.6619
61  26.2795
62  22.0824
63  22.0728
64  26.1958
65  27.0859
66  26.6842
67  26.6091
68  26.8257
69  30.9613
70  18.8696
71  18.7545
72  18.7553
73  30.7903
74  18.8028
75  26.4987
76  18.7755
77  26.2879
78  26.0999
79  26.0953
80  22.2594
81  0.86094
82  2.73212
83  -3.29112
84  2.90043
85  -5.33127
86  2.39736
87  -5.9624
88  0.200105
89  -5.85225
90  0.0814306
91  -1.68395
92  2.73744
93  0.706533
94  0.44978
95  0.459768
96  2.82133
97  -5.99244
98  1.81421
99  -2.02535
100  -1.89743
101  -4.17776
102  7.48528
103  -2.58566
104  -0.681597
105  -4.69004
106  3.35242
107  -6.47222
108  -0.0635705
109  1.89863
110  1.67247
111  -4.33215
112  4.03414
113  1.1034
114  -5.16648
115  2.98796
116  -0.919655
117  -1.11313
118  0.474389
119  -7.62165
120  -5.66531
121  0
122  28.4141
123  24.5126
124  26.9724
125  217.016
126  36.8064
127  30.7429
128  36.9667
129  0.917794
130  -1.26204
131  2.75756
132  3.01643
133  -3.29429
134  -9.81779
135  -3.86973
136  0.0644878
137  -2.22733
138  -4.04043
139  -5.82576
140  10.5058
141  3.00819
142  -1.51755
143  0.505951
144  -1.22061
145  -6.56429
146  3.23119
147  1.31208
148  1.54312
149  -4.69352
150  -1.11351
151  -9.26033
152  -1.17195
153  -1.50922
154  -1.46232
155  0.677141
156  7.11445
157  27.3032
158  -6.99642
159  -4.99613
160  3.31414
161  -0.746792
162  -0.907818
163  -2.88447
164  -6.65855
165  -4.82672
166  0.844621
167  -7.36572
168  -1.30808
169  -5.55167
170  6.45821
171  2.6336
172  0.969777
173  -2.84094
174  -8.98829
175  -2.95144
176  9.26621
177  26.3921
178  26.2959
179  26.1791
180  26.646
181  26.3856
182  26.3133
183  25.8241
184  21.7078
185  30.1641
186  29.9017
187  26.222
188  30.2584
189  26.075
190  21.2292
191  21.5656
192  21.6009
193  26.6663
194  22.5119
195  22.2968
196  22.7037
197  30.8816
198  18.4438
199  30.2507
200  22.2319
201  26.3443
202  26.2974
203  26.3467
204  22.2635
205  26.0703
206  25.6946
207  26.1669
208  26.1794
209  9.52947
210  9.55324
211  9.2712
212  9.78624
213  9.72421
214  9.77145
215  9.30168
216  9.27167
217  9.28459
218  9.45553
219  9.39151
220  9.65771
221  9.23074
222  4.78555
223  4.74184
224  8.82206
225  11.0502
226  11.0125
227  10.5957
228  11.5892
229  11.6733
230  11.6766
231  11.3521
232  11.307
233  11.2386
234  11.303
235  11.2773
236  11.3225
237  11.221
238  10.7181
239  10.7291
240  10.6878
241  8.73216
242  10.0968
243  10.9285
244  11.7918
245  11.9392
246  12.4544
247  12.6492
248  12.7607
249  11.0953
250  13.867
251  22.7386
252  14.8876
253  8.41056
254  10.849
255  20.4426
256  9.28274
