1  0
2  0
3  0
4  0
5  0
6  0
7  0
8  0
9  0
10  0
11  0
12  0
13  0
14  0
15  0
16  0
17  0
18  0
19  0
20  0
21  0
22  0
23  0
24  0
25  0
26  0
27  0
28  0
29  0
30  0
31  0
32  0
33  0
34  0
35  4.03699
36  8.23117
37  8.22915
38  7.87891
39  7.84032
40  7.86592
41  7.98785
42  7.85765
43  7.90217
44  7.76531
45  11.7114
46  7.23261
47  0
48  0
49  0
50  0
51  20.5458
52  21.0969
53  25.1985
54  24.9621
55  24.762
56  20.443
57  24.7601
58  24.716
59  20.7462
60  24.6944
61  28.3067
62  20.1076
63  0
64  0
65  0
66  0
67  24.6505
68  24.8663
69  29.2012
70  20.905
71  16.7891
72  16.7834
73  24.8222
74  20.8245
75  20.7202
76  20.8085
77  28.3185
78  16.1333
79  0
80  0
81  0
82  0
83  0
84  0
85  -3.28331
86  -9.55061
87  -3.90818
88  -1.75063
89  26.1938
90  -1.86983
91  -9.63426
92  -5.21213
93  -7.25008
94  0.48164
95  0
96  0
97  0
98  0
99  -0.952391
100  -4.82227
101  -3.1001
102  -1.43839
103  -1.50472
104  -9.60322
105  -3.6123
106  -9.56968
107  -9.40911
108  -6.98399
109  -3.02277
110  -7.24749
111  0
112  0
113  0
114  0
115  1.06509
116  -6.83417
117  -5.04401
118  -11.4394
119  -9.53532
120  2.42294
121  0
122  24.4991
123  310.903
124  31.0532
125  29.0649
126  26.8882
127  0
128  0
129  0
130  0
131  -3.13073
132  -2.8935
133  -5.20303
134  -3.72791
135  -5.77693
136  -5.82275
137  -8.12649
138  2.04823
139  -7.73802
140  -3.40076
141  -0.899377
142  -7.43484
143  0
144  0
145  0
146  0
147  -2.60756
148  -6.37812
149  -0.615154
150  -3.03957
151  -5.17569
152  0.906122
153  -7.42919
154  -1.402
155  -7.25783
156  5.19106
157  -8.61865
158  -2.90763
159  0
160  0
161  0
162  0
163  -4.83993
164  -6.61132
165  -2.78088
166  -7.12392
167  -5.32666
168  -9.27285
169  -7.52
170  4.49533
171  -9.32962
172  3.0251
173  -8.80353
174  -4.94878
175  0
176  0
177  0
178  0
179  24.2024
180  24.6766
181  24.6668
182  20.3597
183  23.8625
184  19.7537
185  28.2256
186  20.1608
187  16.2601
188  20.2829
189  24.0986
190  19.2736
191  0
192  0
193  0
194  0
195  23.3172
196  15.724
197  24.145
198  23.7045
199  19.2838
200  23.2742
201  23.4002
202  23.3343
203  23.3801
204  23.542
205  23.125
206  18.7461
207  0
208  0
209  0
210  0
211  0
212  9.01782
213  8.74915
214  8.80007
215  8.5717
216  8.28862
217  8.31374
218  8.71442
219  8.43315
220  0.688499
221  4.25728
222  8.05824
223  0
224  0
225  0
226  0
227  0
228  0
229  0
230  0
231  0
232  0
233  0
234  0
235  0
236  0
237  0
238  0
239  0
240  0
241  0
242  0
243  0
244  0
245  0
246  0
247  0
248  0
249  0
250  0
251  0
252  0
253  0
254  0
255  0
256  0
