1  0
2  0
3  0
4  0
5  0
6  0
7  0
8  0
9  0
10  0
11  0
12  0
13  0
14  0
15  0
16  0
17  0
18  0
19  0
20  0
21  0
22  0
23  0
24  0
25  0
26  0
27  0
28  0
29  0
30  0
31  0
32  0
33  0
34  0
35  29.4312
36  25.7256
37  25.7057
38  25.4267
39  25.3814
40  25.4319
41  25.6952
42  25.5295
43  25.6739
44  25.5614
45  21.4188
46  20.9296
47  0
48  0
49  0
50  0
51  40.9
52  37.4537
53  45.5948
54  37.5278
55  41.2332
56  33.1008
57  41.334
58  37.3261
59  37.4516
60  37.4067
61  41.1302
62  40.7523
63  0
64  0
65  0
66  0
67  18.0444
68  14.374
69  22.5913
70  22.4128
71  22.288
72  22.3097
73  26.4038
74  14.4888
75  18.4078
76  14.611
77  26.1836
78  13.7955
79  0
80  0
81  0
82  0
83  -9.31888
84  2.87463
85  -7.35031
86  -11.6221
87  -7.98169
88  2.17232
89  -9.89619
90  2.01991
91  -15.7723
92  -3.36022
93  -5.39854
94  -9.66358
95  0
96  0
97  0
98  0
99  -10.033
100  -5.89574
101  -6.17886
102  -8.51858
103  -4.58971
104  -4.68979
105  -4.71426
106  -6.69685
107  -4.55433
108  -2.15041
109  -2.19047
110  -8.44067
111  0
112  0
113  0
114  0
115  -5.97089
116  -3.87405
117  -4.08023
118  -8.48318
119  -10.5747
120  -4.61435
121  -8.73466
122  -14.5942
123  -14.5118
124  -2.06704
125  -2.06517
126  -0.245502
127  0
128  0
129  0
130  0
131  -4.17156
132  -5.92862
133  -10.2425
134  -6.75866
135  -14.8119
136  -0.883961
137  -5.18505
138  -7.03203
139  -2.83204
140  -2.49913
141  -7.98983
142  -14.5497
143  0
144  0
145  0
146  0
147  -8.66188
148  3.57271
149  -8.66133
150  2.91626
151  -13.2251
152  -1.15296
153  -9.50643
154  -1.47774
155  -9.36074
156  1.05189
157  -4.72822
158  -11.029
159  0
160  0
161  0
162  0
163  1.09951
164  -4.67144
165  -10.8443
166  0.816697
167  0.609516
168  0.659566
169  -9.60656
170  -1.60822
171  -9.43877
172  0.875628
173  -6.92643
174  -9.0927
175  0
176  0
177  0
178  0
179  21.6103
180  22.027
181  21.9923
182  21.918
183  21.497
184  17.3833
185  21.8056
186  21.7177
187  17.8883
188  17.9405
189  25.6217
190  20.9619
191  0
192  0
193  0
194  0
195  20.8471
196  17.1598
197  21.4286
198  17.176
199  16.8273
200  16.8673
201  25.0803
202  24.9802
203  21.0857
204  20.9985
205  24.6969
206  20.3922
207  0
208  0
209  0
210  0
211  11.806
212  4.33821
213  4.17116
214  4.30619
215  11.9069
216  3.87969
217  11.9239
218  12.1643
219  12.1397
220  4.1922
221  3.89565
222  11.5316
223  0
224  0
225  0
226  0
227  0
228  0
229  0
230  0
231  0
232  0
233  0
234  0
235  0
236  0
237  0
238  0
239  0
240  0
241  0
242  0
243  0
244  0
245  0
246  0
247  0
248  0
249  0
250  0
251  0
252  0
253  0
254  0
255  0
256  0
