1  0
2  0
3  0
4  0
5  0
6  0
7  0
8  0
9  0
10  0
11  0
12  0
13  0
14  0
15  0
16  0
17  0
18  0
19  0
20  0
21  0
22  0
23  0
24  0
25  0
26  0
27  0
28  0
29  0
30  0
31  0
32  0
33  0
34  0
35  6.48544
36  2.80052
37  2.77655
38  2.49407
39  2.45211
40  2.51594
41  2.7698
42  2.64312
43  2.75812
44  2.63318
45  10.4864
46  10.0149
47  0
48  0
49  0
50  0
51  21.9916
52  18.5699
53  22.698
54  22.6505
55  22.3394
56  22.1948
57  22.4358
58  22.428
59  22.5459
60  22.5101
61  22.2245
62  21.8267
63  0
64  0
65  0
66  0
67  21.1296
68  21.4513
69  25.6771
70  17.5017
71  21.3789
72  17.4084
73  21.5193
74  17.5844
75  21.5035
76  17.7163
77  25.2639
78  20.8685
79  0
80  0
81  0
82  0
83  -6.29583
84  -6.08054
85  -8.31011
86  -14.5817
87  -14.9379
88  -4.78819
89  -2.85431
90  -4.93455
91  -2.72161
92  -2.31493
93  -4.34995
94  -6.62136
95  0
96  0
97  0
98  0
99  -0.95032
100  -6.80452
101  -7.08624
102  -11.4247
103  -5.49464
104  2.4067
105  -9.60454
106  -5.59836
107  -11.4591
108  -3.04386
109  -3.09557
110  -7.32433
111  0
112  0
113  0
114  0
115  -7.93615
116  -5.8436
117  -10.0498
118  -2.45272
119  -8.54589
120  1.40854
121  -6.70134
122  -8.55827
123  -4.47693
124  -2.03099
125  -2.03749
126  -0.206513
127  0
128  0
129  0
130  0
131  -8.15613
132  -3.89423
133  -2.20476
134  -2.72577
135  -8.77646
136  -8.84789
137  -11.14
138  -4.9954
139  -2.79973
140  1.53568
141  -1.95166
142  -0.513341
143  0
144  0
145  0
146  0
147  -1.59264
148  -7.35549
149  -3.59125
150  -10.0198
151  -10.1575
152  -10.0825
153  -2.43519
154  -0.407214
155  -0.291609
156  -3.87617
157  -9.65395
158  -3.97415
159  0
160  0
161  0
162  0
163  -8.77701
164  -0.539957
165  -8.72217
166  -1.05262
167  -7.26144
168  -5.21671
169  -5.47838
170  -9.47944
171  -11.308
172  -4.99048
173  -6.79437
174  -6.94146
175  0
176  0
177  0
178  0
179  17.7108
180  22.1642
181  22.1431
182  18.0415
183  21.6517
184  21.4994
185  21.9384
186  17.8443
187  22.0444
188  18.0828
189  21.7396
190  17.0941
191  0
192  0
193  0
194  0
195  25.9288
196  18.2449
197  22.5113
198  18.2515
199  21.9145
200  17.9631
201  26.1798
202  22.0921
203  22.1862
204  14.0975
205  21.7926
206  21.4899
207  0
208  0
209  0
210  0
211  6.88041
212  7.41132
213  7.25839
214  7.38088
215  6.99805
216  6.96277
217  7.0077
218  7.25027
219  7.22524
220  7.27189
221  10.9743
222  6.5965
223  0
224  0
225  0
226  0
227  0
228  0
229  0
230  0
231  0
232  0
233  0
234  0
235  0
236  0
237  0
238  0
239  0
240  0
241  0
242  0
243  0
244  0
245  0
246  0
247  0
248  0
249  0
250  0
251  0
252  0
253  0
254  0
255  0
256  0
