1  0
2  0
3  0
4  0
5  0
6  0
7  0
8  0
9  0
10  0
11  0
12  0
13  0
14  0
15  0
16  0
17  0
18  0
19  0
20  0
21  0
22  0
23  0
24  0
25  0
26  0
27  0
28  0
29  0
30  0
31  0
32  0
33  0
34  0
35  32.1418
36  36.3437
37  28.3363
38  27.9753
39  27.9272
40  27.9374
41  36.2276
42  35.9012
43  36.1155
44  35.8109
45  27.7404
46  27.2735
47  0
48  0
49  0
50  0
51  0
52  19.9873
53  32.2765
54  20.2231
55  19.8296
56  23.4774
57  27.7828
58  23.7204
59  23.7619
60  27.7147
61  27.3338
62  23.1315
63  0
64  0
65  0
66  0
67  22.7493
68  26.9647
69  27.2879
70  26.967
71  22.847
72  22.8181
73  26.838
74  26.8371
75  26.727
76  22.8208
77  26.3543
78  22.1432
79  0
80  0
81  0
82  0
83  -0.307739
84  1.89765
85  -2.31351
86  -4.58249
87  -6.93387
88  9.23821
89  3.19202
90  5.13564
91  1.36811
92  5.7904
93  -0.234694
94  -4.50624
95  0
96  0
97  0
98  0
99  2.99423
100  3.13278
101  -1.14022
102  -7.46774
103  -5.52796
104  8.38621
105  2.38679
106  -1.58055
107  -1.41152
108  5.01997
109  0.967543
110  -5.26234
111  0
112  0
113  0
114  0
115  3.99996
116  0.0966462
117  1.89547
118  -0.493888
119  -2.57798
120  -4.60686
121  3.29384
122  5.46819
123  5.57409
124  2.03678
125  2.04625
126  3.86907
127  0
128  0
129  0
130  0
131  -0.17617
132  4.08336
133  1.77893
134  1.26283
135  -4.7837
136  3.16404
137  -3.12023
138  9.06441
139  -8.71865
140  5.6166
141  -3.86947
142  7.59667
143  0
144  0
145  0
146  0
147  -0.642115
148  7.59427
149  1.3573
150  -3.05656
151  -5.19275
152  0.902695
153  2.57162
154  4.61886
155  4.75981
156  5.20248
157  3.393
158  1.08777
159  0
160  0
161  0
162  0
163  0
164  0
165  -4.78181
166  -1.10898
167  2.68201
168  6.74615
169  -1.4928
170  -5.47859
171  -5.29804
172  9.03822
173  31.2279
174  33.0847
175  0
176  0
177  0
178  0
179  28.2802
180  24.7473
181  28.4787
182  24.3895
183  23.8908
184  27.7589
185  28.2143
186  27.9723
187  24.2537
188  28.283
189  31.8686
190  27.2706
191  0
192  0
193  0
194  0
195  24.6135
196  24.805
197  32.961
198  20.7416
199  20.3168
200  20.2976
201  28.4227
202  24.3595
203  24.3991
204  24.3137
205  32.1293
206  19.7619
207  0
208  0
209  0
210  0
211  8.37594
212  8.8819
213  8.79566
214  8.83088
215  8.37052
216  8.31863
217  8.3239
218  8.71724
219  8.44576
220  8.68421
221  8.2612
222  7.83508
223  0
224  0
225  0
226  0
227  0
228  0
229  0
230  0
231  0
232  0
233  0
234  0
235  0
236  0
237  0
238  0
239  0
240  0
241  0
242  0
243  0
244  0
245  0
246  0
247  0
248  0
249  0
250  0
251  0
252  0
253  0
254  0
255  0
256  0
