1  1.62771
2  1.95444
3  4.7549
4  11.4899
5  -16.8602
6  65.1579
7  68.5864
8  22.6046
9  13.3484
10  16.933
11  9.07949
12  6.77466
13  3.29262
14  2.82745
15  1.75215
16  1.55573
17  3.42218
18  3.02427
19  3.16785
20  3.69201
21  3.56209
22  3.65122
23  3.67609
24  3.63907
25  3.52128
26  3.68876
27  11.6306
28  3.88144
29  -0.620166
30  2.97181
31  10.7954
32  2.74841
33  1.79791
34  1.31359
35  5.38741
36  1.76916
37  9.70526
38  9.57793
39  9.40889
40  9.48968
41  9.7451
42  9.66668
43  9.83711
44  5.78987
45  5.52244
46  8.98022
47  8.82832
48  8.91579
49  22.6517
50  22.3283
51  17.9734
52  22.6414
53  22.6275
54  22.8016
55  18.3736
56  22.425
57  26.6328
58  18.5416
59  18.7427
60  14.6907
61  26.3324
62  17.8671
63  17.7244
64  13.711
65  23.8431
66  23.288
67  19.0922
68  19.4725
69  23.6008
70  19.6223
71  19.4009
72  23.5119
73  27.7491
74  15.7616
75  15.7234
76  15.8613
77  23.4626
78  22.9334
79  22.7703
80  18.8815
81  2.93352
82  2.7312
83  4.68054
84  4.85251
85  2.64337
86  0.367991
87  -2.03281
88  4.10336
89  0.00982241
90  -2.04431
91  -1.82511
92  -1.39221
93  0.60132
94  2.27804
95  0.275246
96  -1.28747
97  4.0768
98  -2.19944
99  -2.08279
100  4.01867
101  3.72792
102  5.37378
103  1.22525
104  -2.95338
105  0.99553
106  3.05477
107  3.27828
108  -4.26977
109  -2.28467
110  -2.52871
111  -8.53072
112  7.90663
113  -1.80852
114  -8.13917
115  -8.01496
116  6.041
117  -0.20407
118  -6.67391
119  -2.90539
120  -7.09017
121  28.7607
122  31.004
123  27.2128
124  23.7504
125  25.8061
126  31.6442
127  27.6018
128  31.8668
129  -0.00961071
130  -2.27835
131  -2.30493
132  -6.09582
133  -0.50444
134  -1.134
135  -1.3494
136  -7.52196
137  -3.88303
138  -5.61965
139  -3.26429
140  5.16903
141  -0.394891
142  -6.7865
143  -0.60278
144  -0.285766
145  -4.52822
146  3.2056
147  7.20882
148  7.39161
149  -4.91302
150  -1.44288
151  -11.7587
152  2.20797
153  1.82944
154  -4.04964
155  2.18528
156  2.73205
157  -3.07101
158  -1.28242
159  -1.14004
160  5.22646
161  -5.70042
162  -1.96302
163  3.98863
164  0.192518
165  -4.05201
166  1.52384
167  -6.80657
168  -0.859063
169  -5.13418
170  2.94945
171  -2.83273
172  1.61105
173  1.79939
174  3.76569
175  -2.08832
176  4.19434
177  23.4845
178  23.174
179  18.9688
180  19.4694
181  23.5783
182  23.8062
183  19.6536
184  19.7627
185  24.1572
186  20.0062
187  23.9919
188  19.7956
189  23.3211
190  18.6541
191  18.653
192  18.7332
193  22.6639
194  18.2834
195  22.2146
196  18.5789
197  26.8134
198  18.8759
199  14.7021
200  18.9302
201  27.0945
202  14.9204
203  26.8748
204  14.764
205  22.4343
206  17.9841
207  18.0832
208  18.3169
209  0.582272
210  0.260848
211  -0.0145616
212  0.667821
213  0.482434
214  0.815894
215  0.519461
216  0.609608
217  8.69087
218  8.69319
219  8.69841
220  8.6667
221  0.404997
222  -0.01542
223  7.80148
224  0.0214356
225  6.27334
226  5.73046
227  5.29431
228  6.36775
229  6.46613
230  6.66436
231  6.57035
232  6.53544
233  6.40841
234  6.39631
235  6.36495
236  6.48529
237  10.2166
238  5.84928
239  9.58824
240  5.85174
241  6.86759
242  7.36876
243  8.48742
244  2.27698
245  11.8195
246  13.8473
247  15.0509
248  7.21412
249  10.9185
250  16.9949
251  16.3192
252  13.5819
253  12.7618
254  8.2578
255  8.64585
256  -1.09246
