1  29.6532
2  30.6705
3  31.854
4  33.7466
5  35.128
6  34.961
7  35.1309
8  34.9893
9  34.1221
10  36.5879
11  33.5106
12  33.2227
13  31.8256
14  31.2488
15  30.71
16  30.2286
17  24.568
18  24.3105
19  24.6073
20  25.0212
21  32.7874
22  32.8071
23  32.8447
24  32.7873
25  24.6709
26  24.43
27  24.5621
28  24.7353
29  28.6174
30  24.2307
31  24.279
32  24.2277
33  29.7634
34  29.658
35  25.7844
36  30.1597
37  30.1631
38  29.7997
39  29.765
40  21.7853
41  29.942
42  29.8205
43  29.8279
44  29.7099
45  25.6728
46  25.1713
47  29.161
48  29.2868
49  26.8159
50  26.6507
51  26.2685
52  22.8237
53  26.9163
54  22.8637
55  22.4954
56  26.3691
57  30.7126
58  18.4465
59  18.7019
60  18.6404
61  30.2411
62  18.0534
63  18.0373
64  22.1738
65  31.0839
66  22.6687
67  22.5654
68  22.8013
69  27.1474
70  22.7964
71  22.7075
72  22.7328
73  26.7494
74  22.7656
75  22.4461
76  22.7417
77  30.263
78  22.048
79  22.0588
80  18.2084
81  0.838733
82  2.7007
83  -3.31268
84  2.87514
85  -5.35231
86  -7.62313
87  -5.98578
88  0.179308
89  -5.87445
90  0.0645303
91  -11.7015
92  2.7187
93  0.683824
94  0.427278
95  0.431778
96  2.78644
97  -6.01201
98  1.79201
99  -12.0487
100  -1.92073
101  -4.20043
102  -2.54261
103  -2.61192
104  -0.69966
105  -4.7148
106  -6.66709
107  -6.4886
108  -0.0807018
109  1.87832
110  1.65206
111  -4.35219
112  4.01415
113  1.08124
114  -5.17873
115  2.96707
116  -0.940723
117  -1.13145
118  0.457314
119  -7.63918
120  -5.69193
121  0
122  28.3893
123  24.4957
124  26.9551
125  217.807
126  36.7901
127  20.724
128  36.9446
129  0.894525
130  -1.28394
131  2.73469
132  2.98981
133  -3.31576
134  -9.84343
135  -3.8961
136  0.0403723
137  -2.24846
138  -4.07089
139  -5.85531
140  0.486123
141  -7.02021
142  -1.54286
143  0.486946
144  -1.23954
145  -6.57786
146  3.21264
147  1.28724
148  1.52523
149  -4.70804
150  -11.1271
151  -9.27501
152  -1.19115
153  -1.53118
154  -1.48127
155  0.652931
156  -2.90818
157  27.2867
158  -7.02352
159  -5.01587
160  3.29692
161  -0.769612
162  -0.931948
163  -2.90517
164  -6.67956
165  -4.84639
166  -9.17594
167  -7.38673
168  -1.33541
169  -5.58087
170  6.426
171  -7.39511
172  0.944469
173  -2.86591
174  -9.01509
175  -2.97345
176  9.23954
177  30.571
178  22.269
179  22.1348
180  22.6159
181  30.3504
182  22.3014
183  21.8003
184  17.6654
185  25.926
186  25.8578
187  22.177
188  26.234
189  29.8003
190  17.2053
191  25.2705
192  17.5604
193  30.6208
194  18.2522
195  18.2545
196  18.6756
197  26.8481
198  22.6614
199  26.2278
200  26.207
201  30.294
202  22.2423
203  22.3043
204  18.2409
205  30.0577
206  21.6749
207  30.1509
208  22.1626
209  5.28963
210  5.27947
211  5.23479
212  5.74847
213  5.67719
214  5.73388
215  5.26861
216  5.22857
217  5.22438
218  5.62844
219  5.59172
220  5.62945
221  13.2006
222  9.00036
223  8.71434
224  12.8168
225  7.0061
226  6.73846
227  14.5666
228  7.53249
229  7.63059
230  7.62333
231  7.2952
232  7.24052
233  6.97287
234  7.24282
235  15.2414
236  7.26735
237  7.16919
238  6.67336
239  14.6974
240  6.65705
241  4.71179
242  5.82592
243  6.87982
244  7.73711
245  7.89355
246  8.42138
247  8.55318
248  8.72629
249  14.9798
250  17.8453
251  18.709
252  18.8541
253  12.3516
254  14.829
255  16.3841
256  13.2839
