1  12.0747
2  12.3786
3  13.8664
4  14.4071
5  22.8514
6  22.8246
7  23.7426
8  23.5688
9  14.1268
10  15.3993
11  14.6571
12  14.912
13  17.7637
14  13.1875
15  12.7911
16  16.39
17  14.3714
18  14.6711
19  22.9808
20  14.9722
21  14.9212
22  14.8697
23  22.9049
24  14.95
25  14.7569
26  22.8048
27  22.7703
28  15.0993
29  14.9737
30  14.61
31  22.4144
32  14.49
33  13.4384
34  13.4965
35  17.9567
36  13.8857
37  13.9049
38  13.6937
39  13.8838
40  13.9286
41  22.2641
42  21.9683
43  21.9754
44  21.9281
45  18.0367
46  17.3514
47  13.1458
48  13.2218
49  31.8919
50  27.5
51  27.0929
52  31.5326
53  35.9931
54  36.0139
55  32.0514
56  31.7782
57  32.0739
58  31.9722
59  32.0103
60  27.8596
61  39.3627
62  31.0139
63  30.8286
64  27.0739
65  38.7917
66  26.7829
67  30.527
68  26.7905
69  34.8345
70  34.8958
71  34.9375
72  35.2295
73  35.3938
74  35.4623
75  31.1541
76  31.27
77  34.5856
78  30.3167
79  33.9357
80  34.2222
81  9.21386
82  11.0813
83  3.04518
84  11.2078
85  4.99699
86  2.66566
87  6.31024
88  14.4548
89  4.32831
90  -1.73795
91  4.46084
92  8.88855
93  6.85241
94  4.62349
95  0.629518
96  9.03916
97  7.39458
98  3.14157
99  7.34639
100  9.48494
101  7.18373
102  0.804217
103  6.7259
104  6.5994
105  8.5512
106  8.56325
107  8.71988
108  5.11145
109  9.0753
110  4.91867
111  8.83434
112  3.21988
113  2.53313
114  6.31024
115  -1.53313
116  10.5633
117  2.31024
118  9.91265
119  -0.237952
120  9.7259
121  3.58133
122  3.63415
123  -0.177711
124  12.25
125  4.28012
126  2.11747
127  4.0753
128  16.2741
129  0
130  0
131  0
132  0
133  36.1777
134  33.5934
135  35.5633
136  31.4307
137  1.13554
138  11.2861
139  -2.56325
140  13.7982
141  38.3645
142  37.762
143  31.8343
144  36.0753
145  0.834337
146  10.6596
147  8.76205
148  8.98494
149  8.74398
150  8.29217
151  4.11747
152  6.21386
153  7.80422
154  5.81627
155  9.99096
156  4.31627
157  8.61747
158  2.28012
159  2.25602
160  4.56928
161  4.70181
162  0.533133
163  4.59337
164  12.8042
165  6.63554
166  6.25
167  0.00903614
168  4.08735
169  9.7741
170  7.75602
171  11.9669
172  10.2801
173  4.48494
174  4.25602
175  4.32831
176  14.5572
177  32.9265
178  28.7571
179  32.6051
180  29.1021
181  33.05
182  28.9674
183  32.6796
184  28.7778
185  37.0429
186  36.9286
187  33.2711
188  25.2641
189  36.9331
190  36.25
191  32.4167
192  36.4683
193  34.3063
194  29.9167
195  29.9824
196  30.3819
197  34.5929
198  30.1775
199  29.9167
200  29.8659
201  38.4049
202  30.2214
203  30.5903
204  26.3556
205  33.9357
206  29.6866
207  34.0903
208  30.0764
209  16.3733
210  16.1092
211  15.9643
212  16.3732
213  16.1486
214  16.1985
215  15.9094
216  15.9746
217  16.2917
218  16.4214
219  16.5069
220  16.4071
221  12.1736
222  15.8768
223  15.7083
224  15.9306
225  14.8838
226  14.5929
227  14.7171
228  15.0643
229  15.2071
230  14.9485
231  14.9529
232  14.9022
233  14.8152
234  15.1021
235  23.2847
236  15.2569
237  11.0599
238  10.75
239  22.4754
240  14.5
241  19.0233
242  19.4143
243  20.6021
244  21.35
245  21.3659
246  21.4384
247  21.2721
248  21.3309
249  20.5109
250  22.2428
251  23.6071
252  25.0878
253  21.9071
254  20.5719
255  21.7929
256  19.3542
