1  0
2  0
3  0
4  0
5  0
6  0
7  0
8  0
9  0
10  0
11  0
12  0
13  0
14  0
15  0
16  0
17  0
18  0
19  0
20  0
21  0
22  0
23  0
24  0
25  0
26  0
27  0
28  0
29  0
30  0
31  0
32  0
33  0
34  0
35  27.7312
36  32.1336
37  32.1405
38  31.7715
39  31.7515
40  31.7768
41  31.8859
42  31.7477
43  31.7871
44  31.6537
45  31.6186
46  31.1338
47  0
48  0
49  0
50  0
51  0
52  23.7531
53  28.0916
54  23.8358
55  23.4545
56  27.3352
57  31.4773
58  19.4052
59  27.446
60  23.6023
61  31.1851
62  27.0149
63  0
64  0
65  0
66  0
67  26.5464
68  30.7378
69  30.8738
70  30.7733
71  26.4801
72  18.4801
73  30.7212
74  30.7379
75  30.4194
76  26.6954
77  30.198
78  26.0379
79  0
80  0
81  0
82  0
83  -0.306129
84  1.8979
85  -2.31995
86  -4.60291
87  -6.95662
88  9.20105
89  3.14738
90  5.08862
91  1.31913
92  5.73932
93  -0.28248
94  -4.55296
95  0
96  0
97  0
98  0
99  3.00046
100  3.13835
101  -1.14257
102  -7.47963
103  -5.55123
104  8.35268
105  2.34248
106  -1.62886
107  -1.45637
108  4.97174
109  0.925605
110  -5.31179
111  0
112  0
113  0
114  0
115  4.01264
116  0.10518
117  1.89563
118  -0.501905
119  -2.60022
120  -4.64072
121  3.25536
122  5.42236
123  5.53126
124  1.99239
125  2.00353
126  3.82676
127  0
128  0
129  0
130  0
131  -0.169988
132  4.09055
133  1.77685
134  1.25268
135  -4.80253
136  3.13746
137  -3.15716
138  9.02675
139  -8.76168
140  5.57326
141  -3.93014
142  7.54896
143  0
144  0
145  0
146  0
147  -0.638683
148  7.59561
149  1.35265
150  -3.06556
151  -5.21072
152  0.872343
153  2.53548
154  4.58053
155  4.71603
156  5.15703
157  3.34342
158  1.04186
159  0
160  0
161  0
162  0
163  0
164  0
165  -4.78129
166  -1.11493
167  2.67211
168  6.72544
169  -1.52004
170  -5.50812
171  -5.33404
172  9.00404
173  31.1887
174  33.0454
175  0
176  0
177  0
178  0
179  32.1087
180  20.5762
181  32.2969
182  20.236
183  27.7524
184  23.631
185  32.0885
186  24.031
187  28.126
188  24.1608
189  27.7258
190  23.1445
191  0
192  0
193  0
194  0
195  28.2187
196  20.6282
197  29.0462
198  24.6025
199  24.1617
200  24.1553
201  32.2699
202  20.2126
203  28.2534
204  20.1846
205  28.0295
206  23.6341
207  0
208  0
209  0
210  0
211  12.204
212  12.705
213  12.6347
214  12.6805
215  12.2067
216  12.1715
217  12.1807
218  12.612
219  12.3024
220  12.5738
221  12.1387
222  11.7079
223  0
224  0
225  0
226  0
227  0
228  0
229  0
230  0
231  0
232  0
233  0
234  0
235  0
236  0
237  0
238  0
239  0
240  0
241  0
242  0
243  0
244  0
245  0
246  0
247  0
248  0
249  0
250  0
251  0
252  0
253  0
254  0
255  0
256  0
