1  0
2  0
3  0
4  0
5  0
6  0
7  0
8  0
9  0
10  0
11  0
12  0
13  0
14  0
15  0
16  0
17  0
18  0
19  0
20  0
21  0
22  0
23  0
24  0
25  0
26  0
27  0
28  0
29  0
30  0
31  0
32  0
33  0
34  0
35  5.91284
36  10.2969
37  2.29968
38  1.95987
39  1.9148
40  1.93327
41  10.2405
42  9.92749
43  9.97979
44  9.85007
45  5.78722
46  9.31694
47  0
48  0
49  0
50  0
51  18.413
52  18.9681
53  27.255
54  19.2128
55  26.833
56  14.6945
57  22.8373
58  22.7793
59  22.8363
60  22.7845
61  22.4051
62  22.1988
63  0
64  0
65  0
66  0
67  22.6869
68  18.9174
69  23.2378
70  22.943
71  22.8291
72  22.8175
73  26.8679
74  18.8925
75  26.8025
76  18.8749
77  26.403
78  26.2105
79  0
80  0
81  0
82  0
83  -5.33615
84  6.87615
85  -1.35121
86  0.377842
87  -1.9777
88  -3.81709
89  -5.86572
90  -9.92945
91  -7.70624
92  4.70741
93  -3.32496
94  -9.58657
95  0
96  0
97  0
98  0
99  -1.02022
100  -6.88808
101  -3.16818
102  -9.50587
103  -7.57612
104  -3.67047
105  -5.68027
106  -5.63651
107  -5.48515
108  0.934374
109  -7.10021
110  2.65373
111  0
112  0
113  0
114  0
115  -7.97265
116  -9.88047
117  -8.07129
118  -4.48417
119  -8.57393
120  3.38317
121  -8.72949
122  -2.5462
123  -12.4562
124  -4.02315
125  -3.993
126  -8.1778
127  0
128  0
129  0
130  0
131  -2.21294
132  -5.96122
133  -6.26944
134  -4.79184
135  -4.83481
136  -0.903034
137  -3.19539
138  -7.02131
139  -2.81108
140  -8.46774
141  0.0273742
142  -4.50197
143  0
144  0
145  0
146  0
147  -8.6794
148  -0.442609
149  -6.68203
150  -5.09926
151  -5.2391
152  -3.15977
153  -9.50099
154  -3.47848
155  0.668932
156  -4.90516
157  -8.69183
158  -5.00529
159  0
160  0
161  0
162  0
163  -5.89346
164  -7.66116
165  -7.82993
166  3.82587
167  -10.3745
168  3.68081
169  -2.57216
170  -6.56137
171  -8.38332
172  -8.04894
173  -5.85881
174  -8.01245
175  0
176  0
177  0
178  0
179  23.2473
180  19.7216
181  27.4867
182  15.4174
183  22.9284
184  18.8212
185  27.2912
186  23.2165
187  27.3253
188  15.3585
189  22.9488
190  22.3435
191  0
192  0
193  0
194  0
195  18.3996
196  18.7926
197  22.9826
198  18.7711
199  22.3558
200  22.3513
201  22.4722
202  18.4292
203  18.4561
204  18.3888
205  26.2097
206  25.8379
207  0
208  0
209  0
210  0
211  3.36003
212  3.86649
213  3.77798
214  3.846
215  3.39366
216  3.34385
217  3.37727
218  3.75706
219  3.49524
220  3.73759
221  11.3279
222  10.8867
223  0
224  0
225  0
226  0
227  0
228  0
229  0
230  0
231  0
232  0
233  0
234  0
235  0
236  0
237  0
238  0
239  0
240  0
241  0
242  0
243  0
244  0
245  0
246  0
247  0
248  0
249  0
250  0
251  0
252  0
253  0
254  0
255  0
256  0
