1  4.63585
2  5.6381
3  6.85111
4  8.7359
5  18.1178
6  17.9582
7  18.1138
8  17.9422
9  17.1494
10  18.9292
11  16.5054
12  16.2207
13  14.832
14  14.2328
15  13.7008
16  13.2255
17  4.52567
18  4.28254
19  4.56787
20  4.79996
21  12.7309
22  12.7652
23  12.8194
24  12.7368
25  12.609
26  12.5613
27  12.522
28  12.7154
29  8.58455
30  12.1989
31  12.2587
32  12.203
33  3.76662
34  3.66283
35  7.78859
36  4.16408
37  12.1821
38  11.8159
39  11.8021
40  11.8094
41  11.9347
42  11.7979
43  11.851
44  11.7458
45  7.68605
46  7.20772
47  3.19174
48  3.30571
49  29.795
50  21.6206
51  17.2652
52  21.7894
53  25.8986
54  21.8789
55  25.6949
56  25.3528
57  25.6804
58  21.4528
59  21.6674
60  21.6402
61  25.2429
62  21.0494
63  21.0397
64  21.1734
65  29.0197
66  16.6287
67  16.5466
68  16.7555
69  24.9034
70  20.7985
71  24.6866
72  24.498
73  28.7156
74  20.7386
75  20.4535
76  20.7467
77  28.2613
78  20.0714
79  24.0641
80  16.2111
81  0.884941
82  0.751856
83  -1.26952
84  -3.07823
85  -1.29276
86  -3.57761
87  -3.92855
88  -3.77315
89  -7.83153
90  2.10221
91  0.342515
92  4.75871
93  0.733876
94  0.467142
95  2.47835
96  -3.1536
97  -4.98065
98  -5.17782
99  -11.0122
100  -0.884937
101  -5.16641
102  -9.49895
103  -7.57422
104  -1.66849
105  -1.68275
106  -3.6555
107  -1.47759
108  -5.06049
109  -1.09728
110  -1.33583
111  0.670409
112  -6.96872
113  0.169644
114  -2.10663
115  2.05098
116  2.13763
117  -4.05509
118  -6.46681
119  -8.5594
120  5.39143
121  -4.70567
122  -6.52506
123  -6.43535
124  8.02536
125  0.0447723
126  -6.14331
127  -6.20266
128  -5.9723
129  -8.0252
130  -4.20661
131  -0.186513
132  2.06446
133  -8.23933
134  -0.760663
135  3.18695
136  -0.872019
137  -5.1656
138  -6.98539
139  -2.77788
140  1.56981
141  -3.94676
142  -10.465
143  -6.44425
144  -0.158923
145  -5.55097
146  -7.75091
147  -3.68238
148  6.54862
149  -1.692
150  -4.11188
151  -0.25543
152  -6.16993
153  -2.51037
154  -0.456797
155  -8.32243
156  0.114257
157  -5.69364
158  2.02009
159  -7.98889
160  0.330892
161  0.294591
162  0.135278
163  -5.83666
164  -3.61503
165  -5.77843
166  3.888
167  -4.32406
168  1.72718
169  -0.516981
170  1.49931
171  -2.32585
172  2.0024
173  0.192558
174  -1.93606
175  -1.92054
176  -1.682
177  27.5581
178  27.2603
179  27.1175
180  23.6096
181  27.3388
182  27.2694
183  22.7825
184  26.6641
185  23.1358
186  23.0817
187  19.1798
188  23.2142
189  26.8032
190  22.1921
191  22.286
192  22.5604
193  24.6445
194  24.2705
195  24.2636
196  24.6821
197  25.096
198  24.6525
199  20.2295
200  24.2039
201  28.3133
202  16.2615
203  24.289
204  16.2382
205  28.0589
206  23.6689
207  24.1386
208  28.1648
209  9.51874
210  9.51611
211  9.21376
212  9.73479
213  9.68776
214  9.72852
215  9.25696
216  1.19502
217  9.21842
218  9.64815
219  9.59103
220  9.60773
221  5.18448
222  8.73535
223  8.72613
224  9.0355
225  7.01848
226  7.00737
227  6.5838
228  7.55496
229  7.65061
230  7.6485
231  7.30486
232  7.26567
233  7.19501
234  7.24702
235  7.22608
236  7.27837
237  7.18282
238  6.68674
239  6.6896
240  6.67008
241  6.72586
242  8.07569
243  9.13119
244  9.76784
245  9.91258
246  10.4296
247  10.5652
248  10.7418
249  9.07516
250  11.8759
251  12.7257
252  12.8474
253  14.3835
254  8.80396
255  10.4295
256  7.23916
