1  0
2  0
3  0
4  0
5  0
6  0
7  0
8  0
9  0
10  0
11  0
12  0
13  0
14  0
15  0
16  0
17  0
18  0
19  0
20  0
21  0
22  0
23  0
24  0
25  0
26  0
27  0
28  0
29  0
30  0
31  0
32  0
33  0
34  0
35  24.4986
36  24.817
37  24.7996
38  24.5201
39  24.4836
40  24.5531
41  24.7864
42  24.6519
43  20.75
44  24.6032
45  20.4702
46  23.9778
47  0
48  0
49  0
50  0
51  18.0017
52  14.5957
53  26.7263
54  18.6901
55  18.3647
56  14.2183
57  22.4664
58  22.445
59  22.545
60  18.4898
61  22.202
62  21.8158
63  0
64  0
65  0
66  0
67  22.18
68  22.5119
69  22.7429
70  18.5556
71  22.4121
72  22.4457
73  22.5767
74  22.6113
75  18.5233
76  18.7103
77  26.2607
78  13.8764
79  0
80  0
81  0
82  0
83  -6.26604
84  -2.04894
85  -12.27
86  -4.55491
87  -2.9117
88  -0.760103
89  -2.82518
90  -6.90218
91  -0.689903
92  -0.282343
93  -6.31823
94  -6.58878
95  0
96  0
97  0
98  0
99  -5.93874
100  -1.79959
101  -4.07718
102  -10.4165
103  -6.48742
104  -8.58699
105  -4.61066
106  -6.60548
107  -2.45206
108  -4.03205
109  -10.0817
110  1.6719
111  0
112  0
113  0
114  0
115  -8.90855
116  -4.81557
117  -9.00551
118  -15.4265
119  -11.5148
120  0.438586
121  -3.67137
122  -3.51537
123  -9.444
124  -1.02345
125  -4.99977
126  -7.17704
127  0
128  0
129  0
130  0
131  -11.1597
132  -10.9004
133  -11.2109
134  -1.73671
135  -17.7821
136  -3.83931
137  -10.1501
138  -16.0034
139  -7.80589
140  -3.46775
141  -2.96083
142  -7.5018
143  0
144  0
145  0
146  0
147  -8.61301
148  1.61983
149  -8.62332
150  -13.0389
151  -11.1778
152  -3.11326
153  -9.45959
154  -15.4492
155  -11.3028
156  1.10282
157  -2.68315
158  -6.97555
159  0
160  0
161  0
162  0
163  -4.82003
164  1.41066
165  -2.76483
166  -3.10007
167  -9.31209
168  -3.2626
169  -11.5312
170  -7.53198
171  -7.35579
172  -1.03938
173  -4.85241
174  -6.98949
175  0
176  0
177  0
178  0
179  16.7347
180  17.1924
181  21.1591
182  21.1157
183  20.6849
184  16.5028
185  24.9606
186  20.8672
187  21.0615
188  21.0956
189  20.7477
190  20.0951
191  0
192  0
193  0
194  0
195  25.9958
196  18.3243
197  22.6177
198  22.3299
199  17.9848
200  22.0321
201  26.2424
202  18.1633
203  26.2385
204  18.1535
205  21.8618
206  21.5439
207  0
208  0
209  0
210  0
211  0
212  5.4635
213  5.3029
214  5.43588
215  5.06187
216  4.99844
217  5.05928
218  5.30868
219  5.272
220  5.31375
221  1.01947
222  0.635066
223  0
224  0
225  0
226  0
227  0
228  0
229  0
230  0
231  0
232  0
233  0
234  0
235  0
236  0
237  0
238  0
239  0
240  0
241  0
242  0
243  0
244  0
245  0
246  0
247  0
248  0
249  0
250  0
251  0
252  0
253  0
254  0
255  0
256  0
