1  10.541
2  11.3175
3  12.7069
4  15.1265
5  24.8512
6  22.9524
7  23.4793
8  23.2683
9  15.8724
10  15.3736
11  14.5271
12  14.0874
13  16.2634
14  11.6024
15  11.0072
16  14.8885
17  13.3952
18  13.1044
19  13.368
20  13.6784
21  13.5884
22  13.662
23  13.6661
24  13.6251
25  13.5132
26  13.5063
27  21.5045
28  13.66
29  13.4883
30  13.0541
31  20.9893
32  12.954
33  12.6049
34  12.41
35  16.5335
36  12.9294
37  12.7902
38  12.6695
39  12.5744
40  12.5895
41  20.7341
42  20.6072
43  20.6859
44  20.6287
45  16.4809
46  16.0004
47  11.9459
48  12.0531
49  30.5477
50  26.3511
51  26.0016
52  30.6107
53  34.7335
54  34.8053
55  30.5402
56  22.3209
57  30.575
58  30.5078
59  30.5532
60  26.3228
61  30.0383
62  29.6511
63  29.5761
64  25.865
65  37.6276
66  25.3196
67  29.0757
68  25.5291
69  33.7183
70  33.7115
71  33.5829
72  33.6035
73  33.6767
74  33.6286
75  29.5422
76  29.6157
77  33.1157
78  28.6766
79  32.5992
80  32.9711
81  9.69246
82  11.5665
83  3.51812
84  11.7259
85  5.48504
86  3.2022
87  6.85071
88  15.0121
89  4.956
90  -1.09663
91  5.14465
92  9.55837
93  7.55037
94  5.28382
95  1.2924
96  9.66731
97  7.85578
98  3.65911
99  7.80977
100  9.94916
101  7.65793
102  1.31166
103  7.24077
104  7.14211
105  9.14762
106  9.16577
107  9.36498
108  5.77534
109  9.73727
110  5.51212
111  9.49841
112  3.87048
113  2.95206
114  6.68853
115  -1.15343
116  10.9336
117  2.72542
118  10.3124
119  0.219713
120  10.1756
121  4.06683
122  4.23202
123  0.352314
124  12.8056
125  4.81563
126  2.64969
127  4.59295
128  16.8149
129  0
130  0
131  0
132  0
133  36.5448
134  34.0161
135  35.9659
136  31.897
137  1.59658
138  11.7725
139  -2.00302
140  14.3312
141  38.8248
142  38.2969
143  32.3456
144  36.6164
145  1.28934
146  11.0919
147  9.15174
148  9.38971
149  9.14114
150  8.71825
151  4.58011
152  6.65967
153  8.31739
154  6.34988
155  10.5089
156  4.91939
157  9.13951
158  2.85438
159  2.84872
160  5.17094
161  5.08384
162  0.923664
163  4.95767
164  13.1879
165  7.00927
166  6.67215
167  0.458716
168  4.51025
169  10.2575
170  8.27755
171  12.4548
172  10.7921
173  4.98361
174  4.83068
175  4.86748
176  15.1174
177  31.9512
178  27.6797
179  31.5289
180  27.9826
181  31.965
182  27.8433
183  31.5548
184  27.509
185  35.7927
186  27.6924
187  31.9626
188  23.937
189  35.527
190  34.9897
191  31.0217
192  27.1045
193  33.0927
194  28.9065
195  28.8761
196  29.0731
197  33.3667
198  29.097
199  28.7504
200  28.8199
201  37.0544
202  28.9702
203  29.0288
204  24.967
205  32.6396
206  28.444
207  32.7559
208  28.8966
209  15.0076
210  14.9057
211  14.8033
212  15.3454
213  15.0247
214  15.182
215  14.8768
216  14.748
217  14.9367
218  15.0094
219  15.0224
220  15.0494
221  10.8798
222  14.5061
223  14.4083
224  14.5747
225  13.8038
226  13.3864
227  13.2682
228  13.9472
229  13.9987
230  14.0336
231  13.9136
232  13.8489
233  13.7929
234  13.8035
235  21.8469
236  13.954
237  9.82099
238  9.39074
239  21.1121
240  13.4101
241  17.5493
242  18.3458
243  19.2567
244  20.3293
245  20.6445
246  21.3204
247  21.7005
248  21.7796
249  19.8279
250  23.1128
251  23.8452
252  23.6589
253  21.2534
254  19.3331
255  21.2923
256  17.8633
