1  22.7707
2  23.7693
3  24.9905
4  26.7854
5  28.0756
6  27.8836
7  28.1274
8  27.9628
9  27.0228
10  28.8214
11  26.5469
12  26.2923
13  24.8785
14  24.2939
15  23.7611
16  23.3119
17  26.668
18  26.6153
19  26.729
20  27.1303
21  26.8904
22  26.9073
23  26.9532
24  26.8656
25  26.7172
26  26.6752
27  26.6225
28  27.0291
29  30.6745
30  30.5015
31  26.3779
32  26.2937
33  27.9121
34  27.7923
35  23.9172
36  28.2925
37  28.279
38  27.9331
39  27.8836
40  27.9185
41  28.2264
42  28.0708
43  27.9304
44  27.8032
45  27.7431
46  27.2669
47  27.2517
48  27.5528
49  0
50  0
51  0
52  22.95
53  23.2265
54  18.9927
55  22.7923
56  22.4965
57  22.8019
58  18.7441
59  22.7673
60  18.7228
61  26.3311
62  22.1202
63  22.115
64  26.2536
65  26.1978
66  25.7867
67  21.7043
68  25.9083
69  26.2266
70  21.9332
71  21.8168
72  21.8123
73  29.8634
74  17.8484
75  17.7512
76  17.8307
77  29.3517
78  17.1297
79  17.1471
80  21.294
81  0
82  0
83  0
84  0
85  0.696526
86  -3.58045
87  2.06938
88  -3.78024
89  28.1672
90  24.11
91  -5.65761
92  -5.24909
93  -5.26479
94  -7.54321
95  -5.52939
96  -1.17197
97  -6.95384
98  0.855957
99  -8.99318
100  1.14682
101  -5.12885
102  -9.46523
103  -9.53147
104  4.37192
105  -3.6175
106  -5.59378
107  -3.42141
108  2.98729
109  -3.04564
110  -1.27612
111  -9.28921
112  9.07948
113  -5.83158
114  1.90209
115  -11.9475
116  6.14986
117  -2.0543
118  -2.44879
119  -0.535909
120  -4.58475
121  23.3169
122  29.4852
123  25.5894
124  34.0533
125  32.0689
126  217.964
127  29.8167
128  30.0427
129  0.963764
130  0.787485
131  2.80464
132  -4.93433
133  -7.24293
134  2.23032
135  -5.81503
136  -3.87314
137  -6.16105
138  -5.98963
139  -7.77408
140  -1.42173
141  -4.92758
142  -5.46976
143  -5.44205
144  4.84477
145  -1.5243
146  -1.71661
147  -3.64475
148  -3.41631
149  -3.64644
150  -8.06661
151  -4.20964
152  1.86888
153  -6.45526
154  1.58627
155  -8.27311
156  0.161675
157  0.360554
158  28.0563
159  30.0609
160  24.3799
161  -4.70762
162  -2.87283
163  -10.8477
164  7.38956
165  -4.78095
166  -7.11172
167  -3.32423
168  4.73652
169  -3.51565
170  -9.4989
171  -5.31968
172  7.01561
173  -2.79205
174  -2.9287
175  -6.91012
176  9.32963
177  24.7337
178  20.4135
179  24.3156
180  24.7826
181  24.7686
182  20.4605
183  19.9518
184  19.8284
185  24.2994
186  20.2171
187  24.3214
188  20.3473
189  28.1724
190  23.3184
191  23.4045
192  23.6767
193  0
194  0
195  0
196  18.8127
197  27.2398
198  22.8184
199  26.3718
200  26.349
201  30.4631
202  18.398
203  18.4407
204  22.5959
205  26.1678
206  25.7917
207  26.2365
208  22.2677
209  0
210  0
211  0
212  8.91618
213  8.84223
214  8.9011
215  8.64727
216  8.35917
217  387.418
218  8.77935
219  8.72096
220  8.73932
221  8.31531
222  7.86587
223  315.032
224  384
225  7.15154
226  7.11031
227  6.70168
228  7.69592
229  7.78885
230  7.786
231  7.45739
232  7.4066
233  7.33402
234  7.3851
235  7.33891
236  7.63605
237  11.2882
238  11.019
239  6.78054
240  7.00392
241  0
242  0
243  0
244  6.90014
245  7.14116
246  7.54703
247  7.73975
248  7.84986
249  6.22001
250  8.91612
251  9.80628
252  10.1231
253  7.4894
254  9.93642
255  7.61409
256  4.36334
