1  0
2  0
3  0
4  0
5  0
6  0
7  0
8  0
9  0
10  0
11  0
12  0
13  0
14  0
15  0
16  0
17  0
18  0
19  0
20  0
21  0
22  0
23  0
24  0
25  0
26  0
27  0
28  0
29  0
30  0
31  0
32  0
33  0
34  0
35  13.5032
36  9.68752
37  9.69534
38  9.59147
39  9.56371
40  9.59691
41  9.69577
42  9.5671
43  9.59684
44  9.27294
45  9.16907
46  12.6818
47  0
48  0
49  0
50  0
51  25.7623
52  22.5549
53  26.6546
54  22.6503
55  26.2586
56  22.1344
57  26.264
58  26.2029
59  26.2329
60  22.1859
61  25.7803
62  25.572
63  0
64  0
65  0
66  0
67  26.08
68  26.5231
69  30.6548
70  18.3716
71  22.2817
72  22.289
73  26.3274
74  26.3171
75  22.225
76  26.5343
77  30.0144
78  25.6005
79  0
80  0
81  0
82  0
83  -4.36793
84  -0.167055
85  -4.39931
86  -0.672864
87  -9.03569
88  3.12122
89  -0.933148
90  1.00611
91  1.23109
92  1.65333
93  1.63654
94  3.36485
95  0
96  0
97  0
98  0
99  2.98835
100  3.11352
101  -3.1728
102  -5.51042
103  -3.58618
104  0.310564
105  -3.70399
106  4.34092
107  -5.48516
108  2.93145
109  -1.10777
110  -3.35203
111  0
112  0
113  0
114  0
115  -1.01348
116  9.07883
117  -3.13784
118  -9.53557
119  -9.63714
120  0.315984
121  30.2116
122  -3.61486
123  -3.51856
124  -5.05806
125  0.958141
126  -3.21732
127  0
128  0
129  0
130  0
131  -2.17862
132  10.0526
133  -0.254541
134  -6.78215
135  1.1529
136  -2.88697
137  -5.20644
138  0.972898
139  -4.81121
140  5.53498
141  0.0122669
142  -6.50252
143  0
144  0
145  0
146  0
147  -0.683864
148  3.55707
149  1.31392
150  0.895697
151  -5.25157
152  0.823024
153  -3.51483
154  8.52531
155  -9.34638
156  7.08062
157  -4.71253
158  2.98266
159  0
160  0
161  0
162  0
163  4.10647
164  6.3284
165  -5.83859
166  3.82615
167  -2.39244
168  -0.342685
169  3.40187
170  3.41573
171  5.59196
172  -2.07583
173  0.108893
174  -6.02144
175  0
176  0
177  0
178  0
179  21.5557
180  22.0196
181  26.0164
182  25.7157
183  25.2389
184  25.1542
185  29.6247
186  25.5705
187  29.6969
188  25.6982
189  25.5266
190  24.7159
191  0
192  0
193  0
194  0
195  24.6938
196  25.0809
197  25.5173
198  21.0621
199  24.6341
200  20.669
201  33.0222
202  20.7431
203  21.0269
204  20.7382
205  28.5479
206  28.1668
207  0
208  0
209  0
210  0
211  11.648
212  12.1715
213  12.0828
214  12.1478
215  11.6825
216  11.655
217  11.6919
218  12.096
219  12.057
220  4.07317
221  15.6483
222  15.2164
223  0
224  0
225  0
226  0
227  0
228  0
229  0
230  0
231  0
232  0
233  0
234  0
235  0
236  0
237  0
238  0
239  0
240  0
241  0
242  0
243  0
244  0
245  0
246  0
247  0
248  0
249  0
250  0
251  0
252  0
253  0
254  0
255  0
256  0
