1  0
2  0
3  0
4  0
5  0
6  0
7  0
8  0
9  0
10  0
11  0
12  0
13  0
14  0
15  0
16  0
17  0
18  0
19  0
20  0
21  0
22  0
23  0
24  0
25  0
26  0
27  0
28  0
29  0
30  0
31  0
32  0
33  0
34  0
35  30.0611
36  34.2537
37  34.2539
38  33.909
39  33.8716
40  33.8805
41  34.1868
42  33.8686
43  33.9181
44  33.8023
45  33.7422
46  33.2621
47  0
48  0
49  0
50  0
51  43.3516
52  39.9048
53  51.9959
54  43.9464
55  39.751
56  39.4205
57  51.7352
58  43.4994
59  43.7375
60  39.7001
61  47.3095
62  43.1096
63  0
64  0
65  0
66  0
67  29.6576
68  29.8788
69  30.2034
70  25.9031
71  29.7772
72  29.7667
73  29.8017
74  29.8123
75  29.7128
76  29.8064
77  29.3438
78  29.1603
79  0
80  0
81  0
82  0
83  -1.29882
84  6.91267
85  -1.32088
86  -3.58981
87  -3.94088
88  6.22033
89  2.156
90  0.0995127
91  4.35069
92  4.74518
93  2.71859
94  4.45486
95  0
96  0
97  0
98  0
99  -1.00121
100  -0.86601
101  0.857245
102  -1.47815
103  -5.54653
104  -5.63981
105  -1.6342
106  -3.6077
107  -3.43467
108  2.97491
109  2.93237
110  0.703396
111  0
112  0
113  0
114  0
115  -7.97965
116  6.12048
117  -0.0843892
118  -0.481315
119  -0.573658
120  -2.61616
121  27.2701
122  25.4645
123  21.5553
124  40.0164
125  2.02425
126  -0.155996
127  0
128  0
129  0
130  0
131  3.79329
132  0.0281358
133  -0.284521
134  -2.79791
135  -6.84806
136  -2.89307
137  0.803796
138  -3.02223
139  1.19157
140  -4.45961
141  0.0328477
142  -4.49656
143  0
144  0
145  0
146  0
147  -4.67354
148  5.55724
149  -2.67501
150  -3.10162
151  -7.24028
152  4.8439
153  0.512172
154  0.55228
155  -5.31076
156  -4.86807
157  -4.67422
158  3.03593
159  0
160  0
161  0
162  0
163  3.11879
164  -2.65447
165  -0.826083
166  -3.15696
167  0.630958
168  4.68924
169  2.43955
170  4.45308
171  -3.36868
172  -1.03108
173  3.15925
174  -0.979511
175  0
176  0
177  0
178  0
179  27.2184
180  23.4673
181  31.6717
182  19.3651
183  26.8707
184  18.7655
185  27.218
186  22.9545
187  27.2588
188  27.293
189  31.1067
190  30.2882
191  0
192  0
193  0
194  0
195  24.5395
196  24.7365
197  28.9278
198  28.4832
199  28.2877
200  28.2774
201  28.3859
202  28.3314
203  28.3756
204  24.3078
205  32.1183
206  19.755
207  0
208  0
209  0
210  0
211  9.28523
212  9.8117
213  9.73252
214  9.78844
215  9.32337
216  9.28497
217  9.29883
218  9.67971
219  17.4263
220  9.65518
221  5.24544
222  9.04593
223  0
224  0
225  0
226  0
227  0
228  0
229  0
230  0
231  0
232  0
233  0
234  0
235  0
236  0
237  0
238  0
239  0
240  0
241  0
242  0
243  0
244  0
245  0
246  0
247  0
248  0
249  0
250  0
251  0
252  0
253  0
254  0
255  0
256  0
