1  27.1318
2  27.5858
3  28.7976
4  31.1214
5  32.4158
6  30.8303
7  31.6625
8  31.3211
9  31.8917
10  31.4178
11  38.4811
12  30.2251
13  24.4118
14  27.9339
15  28.366
16  27.7001
17  27.5669
18  27.2263
19  28.0702
20  27.7075
21  27.6331
22  27.6035
23  27.6127
24  27.5467
25  27.2309
26  27.2531
27  27.5211
28  28.0207
29  24.1186
30  23.5894
31  27.5886
32  27.5475
33  28.6919
34  28.5231
35  24.6075
36  29.0083
37  28.7282
38  28.5816
39  28.51
40  28.5023
41  28.6011
42  28.5128
43  28.6012
44  28.6075
45  29.0132
46  28.5987
47  28.5388
48  28.0854
49  49.6986
50  41.5524
51  41.1457
52  41.6792
53  45.6921
54  45.6746
55  45.2503
56  41.1469
57  45.228
58  41.147
59  41.2636
60  41.5285
61  45.1458
62  41.0647
63  40.6694
64  45.027
65  24.7827
66  20.4978
67  24.2061
68  20.5777
69  24.6517
70  20.5797
71  20.2253
72  20.2246
73  28.2441
74  20.2506
75  16.2087
76  16.5537
77  24.1283
78  23.718
79  19.7163
80  20.5389
81  1.78971
82  1.6655
83  -0.339069
84  1.87049
85  -4.34002
86  -8.58413
87  -6.91839
88  7.24484
89  -4.78893
90  -0.853178
91  -2.63403
92  7.77191
93  1.73529
94  1.44368
95  -2.53915
96  -2.18267
97  2.92988
98  4.73383
99  2.89348
100  -2.94365
101  0.795141
102  -1.53018
103  -1.57444
104  -5.66618
105  -5.63335
106  6.38709
107  0.557037
108  2.9566
109  -3.09917
110  -5.32026
111  -9.35225
112  5.02529
113  -4.84053
114  -1.10074
115  -8.94473
116  5.15
117  -3.03176
118  -5.43413
119  -5.50927
120  2.4505
121  28.3349
122  28.5406
123  28.6383
124  41.09
125  29.101
126  28.9249
127  26.8542
128  9.07577
129  0.906062
130  -1.27357
131  -5.25834
132  -5.00885
133  -5.31652
134  4.16398
135  -7.87699
136  -1.90705
137  -4.20825
138  -4.03072
139  -9.80573
140  6.54893
141  1.05728
142  2.52417
143  0.570238
144  0.85761
145  -5.66758
146  0.15146
147  0.193513
148  -1.56937
149  -5.81453
150  1.75764
151  3.62764
152  -2.2892
153  -2.60401
154  -0.553624
155  -0.396373
156  4.05743
157  -3.73409
158  5.99544
159  -10.0016
160  0.324927
161  -0.891537
162  -1.05789
163  -7.04816
164  3.15524
165  0.99837
166  -5.36212
167  -1.56443
168  2.48648
169  -3.73582
170  -1.69535
171  -9.50218
172  0.872553
173  3.07227
174  -3.05043
175  -3.02339
176  -2.76467
177  28.5317
178  28.501
179  24.1599
180  28.6653
181  28.7367
182  21.0521
183  28.2536
184  20.1207
185  28.5065
186  24.2031
187  24.2317
188  16.1548
189  23.7128
190  23.1318
191  23.1681
192  23.2254
193  0
194  0
195  0
196  16.7044
197  25.1008
198  25.0262
199  20.5699
200  24.5423
201  24.6131
202  20.3359
203  20.3335
204  20.2315
205  28.0111
206  27.614
207  27.7587
208  28.0567
209  6.52728
210  6.50818
211  7.07548
212  6.98607
213  6.68676
214  7.0487
215  6.57237
216  6.51128
217  6.5049
218  14.5286
219  14.4574
220  6.46178
221  10.0797
222  5.68753
223  5.59326
224  5.67684
225  3.16377
226  3.52011
227  3.06469
228  3.5685
229  3.64145
230  3.65332
231  3.56028
232  3.46637
233  11.201
234  11.392
235  11.1252
236  11.3935
237  7.00202
238  6.56677
239  10.4366
240  10.5874
241  4.58044
242  5.56973
243  5.91442
244  6.76792
245  7.23413
246  7.85006
247  8.18562
248  8.20842
249  14.3223
250  17.0923
251  17.8134
252  17.6673
253  15.8237
254  13.4588
255  15.8818
256  12.5437
