1  0
2  0
3  0
4  0
5  0
6  0
7  0
8  0
9  0
10  0
11  0
12  0
13  0
14  0
15  0
16  0
17  0
18  0
19  0
20  0
21  0
22  0
23  0
24  0
25  0
26  0
27  0
28  0
29  0
30  0
31  0
32  0
33  0
34  0
35  29.6125
36  26.0254
37  26.0339
38  25.6796
39  25.6543
40  25.6717
41  25.7799
42  25.6312
43  25.6613
44  25.5376
45  25.2485
46  28.7728
47  0
48  0
49  0
50  0
51  18.1083
52  22.6714
53  26.7731
54  22.758
55  26.3751
56  22.2303
57  26.3618
58  26.2928
59  26.3125
60  22.2607
61  26.0563
62  25.6458
63  0
64  0
65  0
66  0
67  26.197
68  26.6435
69  22.7738
70  18.4981
71  22.3943
72  22.3861
73  26.4074
74  26.4061
75  22.2997
76  26.5703
77  22.0771
78  17.6744
79  0
80  0
81  0
82  0
83  -4.37824
84  -0.180048
85  -4.40624
86  -10.6796
87  -9.03588
88  3.12577
89  -0.920691
90  1.01993
91  1.24919
92  1.67249
93  -8.34121
94  3.38046
95  0
96  0
97  0
98  0
99  2.97336
100  3.10218
101  -3.18394
102  -5.51522
103  -3.58702
104  -9.68797
105  -3.69443
106  -5.64527
107  -5.47046
108  2.94751
109  -1.09046
110  -3.33168
111  0
112  0
113  0
114  0
115  -1.02832
116  -0.937591
117  -3.15024
118  -9.5451
119  -9.64336
120  -9.68326
121  30.2157
122  -3.60362
123  -3.50219
124  -5.04548
125  0.967435
126  -3.20077
127  0
128  0
129  0
130  0
131  -2.19371
132  0.0397568
133  -0.269358
134  -6.79328
135  1.15155
136  -2.88649
137  -5.20025
138  -9.02055
139  -4.80219
140  5.54673
141  0.0348016
142  -6.48891
143  0
144  0
145  0
146  0
147  -10.6966
148  3.5384
149  -8.69881
150  0.887023
151  -5.25594
152  0.822573
153  -3.51021
154  -1.46724
155  -9.33825
156  -2.90683
157  -4.69567
158  -7.00429
159  0
160  0
161  0
162  0
163  -5.91157
164  6.30376
165  -5.85567
166  -6.19054
167  -12.3999
168  -0.349215
169  -6.59825
170  3.41792
171  -4.40279
172  -2.0663
173  0.118653
174  -6.01151
175  0
176  0
177  0
178  0
179  21.7168
180  22.1812
181  26.1598
182  26.0845
183  25.5971
184  25.2827
185  29.7435
186  17.669
187  21.7924
188  18.0171
189  25.5964
190  25.0133
191  0
192  0
193  0
194  0
195  17.0623
196  17.2252
197  25.6533
198  21.1906
199  25.0198
200  21.0052
201  25.1239
202  21.054
203  21.1074
204  21.0289
205  28.6342
206  20.258
207  0
208  0
209  0
210  0
211  12.029
212  12.5339
213  12.2251
214  12.5265
215  12.0638
216  12.0147
217  4.02813
218  4.18025
219  4.13523
220  4.16417
221  8.00887
222  7.55374
223  0
224  0
225  0
226  0
227  0
228  0
229  0
230  0
231  0
232  0
233  0
234  0
235  0
236  0
237  0
238  0
239  0
240  0
241  0
242  0
243  0
244  0
245  0
246  0
247  0
248  0
249  0
250  0
251  0
252  0
253  0
254  0
255  0
256  0
