1  0
2  0
3  0
4  0
5  0
6  0
7  0
8  0
9  0
10  0
11  0
12  0
13  0
14  0
15  0
16  0
17  0
18  0
19  0
20  0
21  0
22  0
23  0
24  0
25  0
26  0
27  0
28  0
29  0
30  0
31  0
32  0
33  0
34  0
35  6.77705
36  11.1718
37  11.1714
38  10.8065
39  10.7901
40  10.8004
41  10.9209
42  10.7774
43  10.8164
44  10.6953
45  10.6368
46  10.1678
47  0
48  0
49  0
50  0
51  23.2676
52  27.8217
53  27.924
54  27.8883
55  23.7039
56  23.3631
57  27.6867
58  23.4427
59  27.479
60  27.6376
61  31.2291
62  19.0384
63  0
64  0
65  0
66  0
67  26.5743
68  26.7861
69  30.9197
70  18.8282
71  22.7186
72  18.6921
73  30.7355
74  18.7603
75  18.4292
76  18.7358
77  26.2381
78  26.0695
79  0
80  0
81  0
82  0
83  -9.34719
84  6.86637
85  -1.36471
86  -3.63534
87  -3.98927
88  -5.83509
89  -5.88358
90  0.0669905
91  -7.70652
92  6.71476
93  -3.31974
94  -7.57968
95  0
96  0
97  0
98  0
99  1.94763
100  -3.9183
101  -2.19621
102  -6.53025
103  -0.600342
104  7.30782
105  -6.70265
106  1.34514
107  -2.47962
108  3.93164
109  -6.10632
110  3.66458
111  0
112  0
113  0
114  0
115  -8.03158
116  4.05499
117  1.86642
118  -0.54535
119  3.36319
120  -4.67559
121  -4.79049
122  -2.59764
123  -6.49868
124  7.9381
125  -2.02567
126  -4.2052
127  0
128  0
129  0
130  0
131  0
132  0
133  22.7117
134  32.1952
135  32.1453
136  219.574
137  -0.205215
138  -6.02633
139  -1.80836
140  -3.47531
141  25.0278
142  28.5044
143  0
144  0
145  0
146  0
147  2.2992
148  4.53187
149  -5.69987
150  -2.12878
151  -10.2648
152  -2.18232
153  -6.51641
154  5.53045
155  -0.331349
156  0.105107
157  26.309
158  22.0001
159  0
160  0
161  0
162  0
163  0
164  0
165  -4.82572
166  4.84215
167  -7.36783
168  2.68377
169  0.459862
170  -1.54487
171  -3.3636
172  -1.01175
173  25.1594
174  35.0292
175  0
176  0
177  0
178  0
179  20.1492
180  24.3945
181  24.3737
182  20.3057
183  19.7968
184  23.6732
185  28.1486
186  24.0999
187  24.1975
188  28.2155
189  31.8007
190  19.2036
191  0
192  0
193  0
194  0
195  25.2745
196  25.6784
197  25.8514
198  25.4022
199  25.2243
200  21.2079
201  29.319
202  29.2637
203  29.3044
204  29.2289
205  25.0654
206  20.6793
207  0
208  0
209  0
210  0
211  0
212  11.7289
213  11.4279
214  11.7189
215  11.2619
216  11.2124
217  11.2257
218  11.6432
219  11.3428
220  11.6165
221  11.1726
222  10.7384
223  0
224  0
225  0
226  0
227  0
228  0
229  0
230  0
231  0
232  0
233  0
234  0
235  0
236  0
237  0
238  0
239  0
240  0
241  0
242  0
243  0
244  0
245  0
246  0
247  0
248  0
249  0
250  0
251  0
252  0
253  0
254  0
255  0
256  0
