1  0
2  0
3  0
4  0
5  0
6  0
7  0
8  0
9  0
10  0
11  0
12  0
13  0
14  0
15  0
16  0
17  0
18  0
19  0
20  0
21  0
22  0
23  0
24  0
25  0
26  0
27  0
28  0
29  0
30  0
31  0
32  0
33  0
34  0
35  10.3346
36  -1.32314
37  -1.33994
38  6.35487
39  6.29983
40  -1.65387
41  6.52694
42  6.38786
43  6.45763
44  -1.65863
45  6.24787
46  5.7716
47  0
48  0
49  0
50  0
51  17.8364
52  22.402
53  26.5057
54  18.469
55  18.2022
56  17.9545
57  26.2467
58  18.0843
59  18.2911
60  18.2464
61  25.907
62  17.6086
63  0
64  0
65  0
66  0
67  16.9551
68  17.3238
69  21.4932
70  21.3627
71  17.2357
72  21.2277
73  25.2871
74  13.3367
75  25.1166
76  13.3589
77  20.9143
78  16.6309
79  0
80  0
81  0
82  0
83  -6.31454
84  -6.10248
85  -8.32941
86  -14.5985
87  -14.9501
88  -4.79017
89  -2.8419
90  -4.91756
91  -2.69455
92  -2.28135
93  -4.30945
94  -6.58138
95  0
96  0
97  0
98  0
99  -0.971483
100  -6.82788
101  -7.10478
102  -11.441
103  -5.50753
104  2.40223
105  -9.5969
106  -5.57844
107  -11.4326
108  -3.00869
109  -3.05203
110  -7.2828
111  0
112  0
113  0
114  0
115  -7.95681
116  -5.86667
117  -10.07
118  -2.4686
119  -8.55748
120  1.39989
121  -6.69994
122  -8.54393
123  -4.44972
124  -11.9978
125  -2.00042
126  -0.167478
127  0
128  0
129  0
130  0
131  -8.17833
132  -3.92015
133  -12.2278
134  -2.75013
135  -8.79692
136  -8.85575
137  -11.1475
138  -4.98399
139  -12.7807
140  1.56212
141  -11.9349
142  -0.488357
143  0
144  0
145  0
146  0
147  -1.61587
148  -7.38459
149  -3.61856
150  -10.0441
151  -10.1804
152  -10.0969
153  -12.4404
154  -0.402847
155  -0.277365
156  -3.85428
157  -9.63504
158  -3.95164
159  0
160  0
161  0
162  0
163  -8.80453
164  -0.573267
165  -8.75031
166  -11.0742
167  -7.28651
168  -5.2328
169  -5.48504
170  -9.47814
171  -11.2998
172  -4.97448
173  -6.78221
174  -6.92437
175  0
176  0
177  0
178  0
179  21.6507
180  18.1208
181  25.997
182  13.931
183  17.4632
184  17.3304
185  25.7737
186  13.6733
187  25.8135
188  13.8538
189  25.4759
190  12.8524
191  0
192  0
193  0
194  0
195  21.8219
196  22.18
197  26.4223
198  14.1728
199  17.8083
200  13.8223
201  21.9645
202  17.9017
203  17.9585
204  17.8646
205  25.6244
206  17.2779
207  0
208  0
209  0
210  0
211  2.78612
212  3.31132
213  3.18322
214  3.28117
215  2.87181
216  2.82495
217  10.8497
218  11.1417
219  11.0156
220  3.12263
221  6.7908
222  2.392
223  0
224  0
225  0
226  0
227  0
228  0
229  0
230  0
231  0
232  0
233  0
234  0
235  0
236  0
237  0
238  0
239  0
240  0
241  0
242  0
243  0
244  0
245  0
246  0
247  0
248  0
249  0
250  0
251  0
252  0
253  0
254  0
255  0
256  0
