1  0
2  0
3  0
4  0
5  0
6  0
7  0
8  0
9  0
10  0
11  0
12  0
13  0
14  0
15  0
16  0
17  0
18  0
19  0
20  0
21  0
22  0
23  0
24  0
25  0
26  0
27  0
28  0
29  0
30  0
31  0
32  0
33  0
34  0
35  25.5205
36  21.8081
37  21.7824
38  21.5107
39  21.4613
40  21.5189
41  29.7825
42  29.658
43  29.7611
44  29.6322
45  25.4909
46  25.0186
47  0
48  0
49  0
50  0
51  36.9977
52  41.5617
53  41.6821
54  41.6423
55  37.3238
56  37.1882
57  45.4257
58  41.4025
59  41.5282
60  41.4782
61  45.1936
62  44.816
63  0
64  0
65  0
66  0
67  22.1369
68  18.4637
69  26.683
70  18.4883
71  26.3724
72  18.4128
73  22.4925
74  18.5528
75  22.4799
76  18.6868
77  22.2472
78  17.8672
79  0
80  0
81  0
82  0
83  0.729835
84  2.92385
85  -7.30077
86  -11.5738
87  -7.9281
88  2.22408
89  -9.8424
90  2.07823
91  -5.70571
92  -3.30079
93  -5.33933
94  -9.60636
95  0
96  0
97  0
98  0
99  0.0202236
100  -5.84721
101  -6.12663
102  -8.46532
103  -4.53449
104  5.36602
105  -4.65806
106  -6.63081
107  -4.4951
108  -2.087
109  -2.12835
110  -8.37186
111  0
112  0
113  0
114  0
115  -5.92188
116  -3.82677
117  -4.03282
118  -8.43259
119  -10.5248
120  -4.56835
121  -8.68222
122  -4.53632
123  -14.4548
124  -2.01033
125  -2.01009
126  -0.185282
127  0
128  0
129  0
130  0
131  -4.12185
132  -5.88684
133  -10.1958
134  -6.71318
135  -4.76784
136  -0.829384
137  -5.1324
138  -6.97894
139  -2.78019
140  -2.44595
141  -7.93703
142  -4.49631
143  0
144  0
145  0
146  0
147  -8.61678
148  3.61843
149  -8.61366
150  2.96308
151  -13.1771
152  -1.10267
153  -9.4547
154  -1.4264
155  0.695585
156  1.10919
157  -4.6681
158  -10.9706
159  0
160  0
161  0
162  0
163  1.1454
164  -4.62462
165  -0.799408
166  0.865602
167  0.656074
168  0.710141
169  -9.55523
170  -1.55989
171  0.614868
172  0.932152
173  -6.86991
174  -9.02951
175  0
176  0
177  0
178  0
179  25.6879
180  26.1476
181  26.1225
182  26.0273
183  25.6376
184  21.4752
185  25.9107
186  25.8171
187  22.0001
188  22.0525
189  29.7072
190  17.0423
191  0
192  0
193  0
194  0
195  24.9217
196  21.2507
197  25.5233
198  21.2605
199  20.9273
200  20.9641
201  29.1761
202  21.1025
203  17.1794
204  17.1027
205  28.8015
206  16.4693
207  0
208  0
209  0
210  0
211  7.89114
212  8.43201
213  8.27481
214  8.40696
215  8.03832
216  7.99274
217  8.0357
218  8.27992
219  8.25528
220  8.29255
221  7.9831
222  7.61984
223  0
224  0
225  0
226  0
227  0
228  0
229  0
230  0
231  0
232  0
233  0
234  0
235  0
236  0
237  0
238  0
239  0
240  0
241  0
242  0
243  0
244  0
245  0
246  0
247  0
248  0
249  0
250  0
251  0
252  0
253  0
254  0
255  0
256  0
