1  0
2  0
3  0
4  0
5  0
6  0
7  0
8  0
9  0
10  0
11  0
12  0
13  0
14  0
15  0
16  0
17  0
18  0
19  0
20  0
21  0
22  0
23  0
24  0
25  0
26  0
27  0
28  0
29  0
30  0
31  0
32  0
33  0
34  0
35  34.3088
36  22.3382
37  30.5735
38  30.3676
39  30.3971
40  30.3971
41  30.6324
42  30.3676
43  30.5735
44  22.25
45  30.1324
46  33.5441
47  0
48  0
49  0
50  0
51  22.75
52  27.3088
53  23.4853
54  19.75
55  23.4265
56  19.25
57  31.3382
58  23.3088
59  23.1618
60  19.0441
61  30.75
62  22.3382
63  0
64  0
65  0
66  0
67  22.75
68  23.3088
69  27.5735
70  23.6618
71  27.6618
72  27.7206
73  23.6912
74  23.6324
75  19.1618
76  23.1324
77  26.7206
78  22.25
79  0
80  0
81  0
82  0
83  -4.30882
84  -0.102941
85  -4.36765
86  -10.75
87  -9.10294
88  3.07353
89  -0.897059
90  1.07353
91  1.27941
92  1.69118
93  1.66176
94  3.30882
95  0
96  0
97  0
98  0
99  2.98529
100  3.22059
101  -3.19118
102  -5.48529
103  -3.63235
104  0.308824
105  -3.72059
106  -5.69118
107  -5.45588
108  3.01471
109  -1.01471
110  -3.25
111  0
112  0
113  0
114  0
115  -0.926471
116  9.13235
117  -3.04412
118  -9.45588
119  -9.66176
120  -9.69118
121  30.2206
122  -3.54412
123  -3.45588
124  -4.98529
125  1.04412
126  -3.04412
127  0
128  0
129  0
130  0
131  -2.07353
132  0.0735294
133  -0.220588
134  -6.80882
135  1.13235
136  -2.89706
137  -5.25
138  -9.01471
139  -4.77941
140  5.57353
141  0.161765
142  -6.39706
143  0
144  0
145  0
146  0
147  -10.6912
148  3.51471
149  1.27941
150  0.720588
151  -5.33824
152  0.661765
153  -3.66176
154  -1.57353
155  -9.39706
156  7.04412
157  -4.66176
158  -7.01471
159  0
160  0
161  0
162  0
163  -5.83824
164  6.36765
165  -5.89706
166  3.80882
167  -12.4265
168  -0.397059
169  -6.66176
170  3.27941
171  -4.36765
172  -2.04412
173  0.161765
174  -6.01471
175  0
176  0
177  0
178  0
179  18.1029
180  18.9265
181  30.9265
182  23.0147
183  22.4853
184  22.4265
185  26.8971
186  22.8676
187  26.5441
188  22.6618
189  30.25
190  21.6618
191  0
192  0
193  0
194  0
195  21.6324
196  22.1324
197  30.3971
198  18.25
199  21.6324
200  17.8088
201  29.9853
202  17.6324
203  17.5147
204  17.9265
205  25.5147
206  25.5147
207  0
208  0
209  0
210  0
211  8.45588
212  9.04412
213  8.95588
214  9.22059
215  8.80882
216  8.60294
217  8.77941
218  8.89706
219  8.89706
220  8.95588
221  12.5735
222  12.3088
223  0
224  0
225  0
226  0
227  0
228  0
229  0
230  0
231  0
232  0
233  0
234  0
235  0
236  0
237  0
238  0
239  0
240  0
241  0
242  0
243  0
244  0
245  0
246  0
247  0
248  0
249  0
250  0
251  0
252  0
253  0
254  0
255  0
256  0
