1  29.2025
2  29.967
3  31.2875
4  32.1447
5  32.7454
6  32.8043
7  33.5157
8  33.2808
9  31.9049
10  33.3395
11  32.4288
12  32.6248
13  31.3459
14  34.7269
15  30.1434
16  29.6915
17  34.8379
18  34.7363
19  34.9258
20  35.3114
21  35.2161
22  35.2518
23  35.3892
24  35.3191
25  35.1993
26  35.1264
27  35.1066
28  35.4647
29  35.2178
30  34.8876
31  34.8972
32  34.7253
33  35.2326
34  35.0449
35  31.2042
36  35.5495
37  35.5216
38  35.2675
39  35.2768
40  35.4117
41  27.6953
42  27.6025
43  27.6608
44  27.4828
45  31.4111
46  30.8638
47  26.8206
48  26.9538
49  30.1394
50  29.9212
51  25.6429
52  30.1876
53  30.3413
54  26.286
55  26.1114
56  22.0201
57  30.3449
58  30.4029
59  30.4425
60  26.385
61  30.0596
62  29.6218
63  29.5518
64  25.7116
65  33.2628
66  20.8686
67  20.7777
68  21.1021
69  25.2844
70  25.1889
71  21.0596
72  21.2255
73  33.4868
74  21.576
75  21.5066
76  21.6558
77  29.134
78  28.7066
79  28.6278
80  28.8068
81  -0.156764
82  -0.22989
83  -6.28382
84  -4.08638
85  -0.29936
86  -4.58455
87  -0.96755
88  -2.83227
89  -4.9319
90  -1.01234
91  -8.81947
92  1.59186
93  -2.46481
94  -8.71435
95  -8.69516
96  7.65219
97  -2.97669
98  4.85878
99  -4.98492
100  5.15494
101  0.874314
102  -3.47578
103  -1.55347
104  -1.67505
105  -1.71435
106  0.271024
107  -5.57998
108  10.7975
109  -3.24269
110  6.52331
111  -9.48035
112  0.886197
113  0.167733
114  1.8798
115  2.07267
116  0.171389
117  -6.03793
118  5.53885
119  1.4447
120  5.3926
121  -2.75823
122  -6.62934
123  -2.55804
124  7.86152
125  -0.128428
126  -0.332267
127  -6.39808
128  1.82952
129  1.97029
130  -0.223492
131  -2.15859
132  4.11197
133  -0.196984
134  -2.72075
135  -6.77925
136  -6.85512
137  2.79113
138  0.91819
139  1.11106
140  5.44013
141  1.9319
142  -2.63665
143  -4.62751
144  -0.360603
145  -0.50777
146  -6.70704
147  -2.59826
148  9.65128
149  1.41545
150  2.97943
151  2.8149
152  0.888026
153  -5.48857
154  0.51691
155  -1.37066
156  3.02248
157  1.23903
158  2.91636
159  -1.12386
160  -0.792048
161  2.32404
162  4.15676
163  -3.79662
164  -1.55347
165  -3.71709
166  5.92459
167  -4.29296
168  3.76371
169  3.44653
170  5.43007
171  5.59735
172  -0.10649
173  0.0927788
174  1.94196
175  -6.08638
176  10.1495
177  33.5928
178  21.3528
179  25.1289
180  21.5537
181  33.4673
182  25.4043
183  21.0566
184  20.9802
185  29.4382
186  25.3287
187  29.6255
188  25.6642
189  29.3688
190  24.7325
191  24.9121
192  28.9484
193  26.7775
194  26.441
195  22.3986
196  26.6968
197  30.9099
198  30.648
199  30.3448
200  26.4041
201  26.6634
202  22.6052
203  22.7785
204  22.6956
205  34.405
206  22.1518
207  22.4707
208  26.5836
209  9.57358
210  9.45475
211  17.388
212  9.87729
213  9.60963
214  9.79862
215  9.40993
216  9.34594
217  9.44633
218  17.8004
219  17.7509
220  9.91147
221  9.5467
222  9.22527
223  17.1001
224  9.35238
225  15.1906
226  14.9986
227  14.7454
228  15.5142
229  7.64083
230  7.59954
231  7.51143
232  7.41667
233  7.33867
234  7.55622
235  7.54433
236  7.72985
237  11.5224
238  11.0705
239  6.98077
240  7.0617
241  13.1869
242  14.0699
243  14.9794
244  15.7803
245  15.9652
246  16.0628
247  16.044
248  16.0671
249  15.1868
250  17.059
251  18.3204
252  19.3242
253  16.4057
254  14.9881
255  16.4575
256  13.6421
