1  0
2  0
3  0
4  28.7797
5  30.1615
6  29.9717
7  30.1323
8  29.9763
9  29.0999
10  31.5631
11  28.5171
12  28.2005
13  26.7848
14  30.2018
15  25.6366
16  25.1911
17  24.3568
18  24.2487
19  24.5265
20  24.7925
21  24.7233
22  24.7752
23  24.7995
24  24.7381
25  24.5889
26  24.5324
27  24.3457
28  24.7009
29  24.5333
30  24.1708
31  24.1941
32  24.1388
33  21.7597
34  21.6515
35  25.7604
36  22.1566
37  22.1544
38  21.8262
39  21.7984
40  21.8228
41  29.9428
42  29.7885
43  25.857
44  29.717
45  25.6344
46  29.1583
47  29.1719
48  29.2549
49  21.7529
50  21.5791
51  17.2218
52  17.7812
53  21.9044
54  21.8955
55  17.6984
56  17.39
57  25.6796
58  21.4393
59  21.48
60  13.5873
61  21.214
62  20.8057
63  20.7564
64  17.099
65  24.038
66  23.6189
67  23.5339
68  19.7637
69  27.9041
70  15.8459
71  15.7225
72  15.7245
73  23.7549
74  23.7534
75  19.471
76  19.7201
77  27.2358
78  19.0373
79  15.0369
80  15.185
81  -7.16485
82  -11.2952
83  -11.3368
84  -3.13602
85  -3.34933
86  -9.63432
87  -9.98662
88  -7.82656
89  -3.88215
90  -7.93659
91  -1.6807
92  -3.28299
93  -3.30683
94  -9.56754
95  -1.5643
96  -1.18505
97  -3.96339
98  -10.1569
99  -6.0118
100  -5.876
101  -6.15376
102  -6.4942
103  -12.5627
104  3.34126
105  -2.66476
106  -8.61964
107  -8.45458
108  -6.02671
109  -6.06668
110  -10.2884
111  -12.2913
112  -1.93124
113  -3.85954
114  -10.1229
115  -5.98596
116  -9.88267
117  -4.09692
118  -4.49791
119  -2.58634
120  -10.6198
121  27.2644
122  25.4309
123  25.5366
124  22.0037
125  22.0272
126  -0.150366
127  -6.21367
128  0.0031348
129  -9.05576
130  -5.22602
131  0.793915
132  1.04604
133  -7.26655
134  -7.78715
135  -13.8455
136  4.08846
137  -4.19178
138  -4.01816
139  -3.79884
140  -9.45586
141  -4.96229
142  -3.48483
143  -9.46047
144  0.823215
145  -7.53789
146  -1.73035
147  -5.66658
148  2.56621
149  -1.67755
150  -0.0951235
151  -6.23712
152  -2.16374
153  -10.4886
154  -6.4494
155  1.68459
156  0.131144
157  -5.67055
158  -7.96213
159  -9.96527
160  0.347294
161  -4.7109
162  -2.87727
163  -4.8468
164  -0.617177
165  -0.795702
166  0.883342
167  -3.33353
168  -1.28454
169  -3.53091
170  -5.50026
171  -3.33385
172  -3.00266
173  -6.80528
174  3.05395
175  -6.92086
176  -0.692872
177  29.544
178  21.2437
179  21.1216
180  17.6095
181  21.5856
182  21.2675
183  16.7675
184  20.6729
185  29.1413
186  16.8857
187  17.146
188  17.1767
189  24.7555
190  24.1576
191  20.5033
192  24.5288
193  22.6135
194  22.2322
195  22.2273
196  18.6401
197  22.8062
198  22.3761
199  18.1848
200  22.1789
201  26.3062
202  26.2497
203  26.525
204  26.1882
205  22.0356
206  17.6291
207  18.0867
208  22.1277
209  7.25499
210  7.25214
211  7.16705
212  7.71288
213  7.65405
214  7.69156
215  7.21963
216  7.18824
217  7.21409
218  7.62049
219  7.2928
220  7.57901
221  7.14338
222  6.68446
223  6.66882
224  6.72927
225  2.79246
226  2.69997
227  2.50034
228  3.51233
229  11.6151
230  11.3611
231  11.2811
232  11.2311
233  3.16896
234  3.21924
235  3.2059
236  3.22364
237  3.14407
238  2.63568
239  2.63722
240  2.59178
241  0
242  0
243  0
244  8.75472
245  8.91464
246  9.44405
247  9.6556
248  0
249  8.05645
250  10.8989
251  11.7481
252  11.8517
253  5.36191
254  300.295
255  0
256  6.22189
