1  0
2  0
3  0
4  0
5  0
6  0
7  0
8  0
9  0
10  0
11  0
12  0
13  0
14  0
15  0
16  0
17  0
18  0
19  0
20  0
21  0
22  0
23  0
24  0
25  0
26  0
27  0
28  0
29  0
30  0
31  0
32  0
33  0
34  0
35  33.1619
36  21.5785
37  29.5965
38  29.2987
39  29.2367
40  29.2595
41  29.5974
42  29.2436
43  29.3207
44  21.1587
45  29.0377
46  32.5578
47  0
48  0
49  0
50  0
51  21.6544
52  26.2472
53  22.5628
54  18.5566
55  22.173
56  18.0505
57  30.1801
58  22.1217
59  22.1617
60  18.0809
61  29.6658
62  21.4507
63  0
64  0
65  0
66  0
67  21.9607
68  22.1986
69  26.5588
70  22.3057
71  26.2048
72  26.2153
73  22.2713
74  22.2511
75  18.1431
76  22.2112
77  25.7252
78  21.4791
79  0
80  0
81  0
82  0
83  -4.36381
84  -0.165524
85  -4.39697
86  -10.6749
87  -9.03563
88  3.12242
89  -0.930876
90  1.01093
91  1.24292
92  1.66505
93  1.64982
94  3.37809
95  0
96  0
97  0
98  0
99  2.98914
100  3.11111
101  -3.17547
102  -5.51215
103  -3.59037
104  0.304616
105  -3.70821
106  -5.66299
107  -5.48198
108  2.93544
109  -1.10054
110  -3.34249
111  0
112  0
113  0
114  0
115  -1.00731
116  9.07831
117  -3.1355
118  -9.53621
119  -9.6388
120  -9.68902
121  30.2107
122  -3.61118
123  -3.50868
124  -5.05044
125  0.968368
126  -3.20867
127  0
128  0
129  0
130  0
131  -2.1739
132  0.0558594
133  -0.254949
134  -6.78256
135  1.15235
136  -2.88887
137  -5.20811
138  -9.02291
139  -4.80958
140  5.54278
141  0.0144381
142  -6.49702
143  0
144  0
145  0
146  0
147  -10.675
148  3.55901
149  1.32011
150  0.900106
151  -5.24916
152  0.826059
153  -3.51064
154  -1.47183
155  -9.34214
156  7.08949
157  -4.70593
158  -7.00851
159  0
160  0
161  0
162  0
163  -5.89113
164  6.32936
165  -5.83949
166  3.82731
167  -12.3889
168  -0.343636
169  -6.59606
170  3.42073
171  -4.40202
172  -2.06765
173  0.11311
174  -6.01611
175  0
176  0
177  0
178  0
179  17.4522
180  17.9236
181  29.6413
182  21.585
183  21.115
184  21.039
185  25.5149
186  21.2974
187  25.5807
188  21.572
189  29.182
190  20.5811
191  0
192  0
193  0
194  0
195  20.5752
196  20.972
197  29.1265
198  16.7575
199  20.5165
200  16.5566
201  28.7067
202  16.6262
203  24.6956
204  16.6127
205  24.4201
206  24.0321
207  0
208  0
209  0
210  0
211  7.51109
212  8.04302
213  7.73175
214  8.03807
215  7.55534
216  7.53839
217  7.57713
218  7.71386
219  7.69698
220  7.94177
221  11.512
222  11.0863
223  0
224  0
225  0
226  0
227  0
228  0
229  0
230  0
231  0
232  0
233  0
234  0
235  0
236  0
237  0
238  0
239  0
240  0
241  0
242  0
243  0
244  0
245  0
246  0
247  0
248  0
249  0
250  0
251  0
252  0
253  0
254  0
255  0
256  0
