1  8.58035
2  9.63319
3  10.833
4  12.8483
5  14.249
6  14.061
7  14.2356
8  14.0636
9  13.2662
10  15.7073
11  12.5609
12  12.233
13  10.8205
14  14.239
15  9.65647
16  9.20031
17  14.3115
18  14.2634
19  14.5479
20  6.75273
21  14.6964
22  14.7458
23  14.7635
24  6.70977
25  14.4
26  14.3337
27  14.2979
28  14.6617
29  14.5606
30  14.397
31  14.2299
32  14.1787
33  14.7613
34  14.6509
35  10.7507
36  7.15156
37  15.1477
38  14.7949
39  14.7408
40  6.78517
41  7.12594
42  6.77992
43  6.79665
44  6.68502
45  10.6541
46  10.1731
47  6.18097
48  6.27992
49  25.7423
50  25.5507
51  21.1993
52  25.7469
53  25.84
54  21.8167
55  21.4409
56  25.3132
57  25.4556
58  25.633
59  25.6382
60  21.6012
61  25.1916
62  25.0023
63  24.7502
64  21.1131
65  29.0366
66  24.6261
67  24.5409
68  24.7791
69  28.9021
70  28.7827
71  24.4884
72  24.7275
73  28.7935
74  24.7899
75  24.4768
76  24.7612
77  24.2631
78  24.101
79  24.0753
80  24.2311
81  -0.0614661
82  -0.216155
83  -6.25142
84  -4.04522
85  -0.257697
86  -4.54424
87  -0.906018
88  -2.73632
89  -4.80194
90  -0.878967
91  -8.6407
92  1.78398
93  -2.25
94  -8.51326
95  -8.49658
96  7.84897
97  -2.92861
98  -5.12372
99  -4.96591
100  5.16183
101  0.890456
102  -3.45418
103  -1.52507
104  -1.62257
105  -1.63343
106  0.384803
107  -5.41486
108  10.9843
109  -3.04926
110  -3.29789
111  -9.28116
112  1.07878
113  0.172144
114  1.89884
115  2.0498
116  0.147029
117  -6.06171
118  5.54606
119  1.45772
120  5.4138
121  -2.69767
122  -6.5043
123  -2.41245
124  8.03283
125  0.0742562
126  -0.123613
127  -6.19204
128  2.0496
129  1.95676
130  -0.218268
131  -2.20021
132  4.0597
133  -0.251496
134  -2.77116
135  -6.82381
136  -6.8655
137  -7.17112
138  1.00877
139  1.2252
140  5.57573
141  2.06285
142  -2.47547
143  -4.43347
144  -0.146206
145  -0.517785
146  -6.70692
147  -2.63864
148  -0.405821
149  1.35713
150  2.92686
151  2.78422
152  0.868469
153  -5.46452
154  0.583063
155  -11.2761
156  3.16342
157  1.36411
158  3.06509
159  -0.938032
160  -0.630923
161  2.31062
162  4.14421
163  -3.82341
164  -1.6043
165  -3.77173
166  5.89061
167  -4.31446
168  3.73488
169  -6.50494
170  5.5118
171  5.6801
172  0.0197104
173  0.202572
174  2.06333
175  -5.89656
176  0.342005
177  29.5488
178  25.2348
179  29.1175
180  25.3242
181  29.3162
182  29.2484
183  25.0322
184  24.6631
185  25.1143
186  21.0909
187  25.1592
188  21.2002
189  32.7685
190  20.2007
191  20.5469
192  24.5797
193  30.6492
194  22.2513
195  26.5061
196  22.686
197  26.8332
198  26.6744
199  26.2153
200  22.2142
201  30.5948
202  18.5639
203  26.5845
204  18.5179
205  30.0544
206  25.6899
207  26.1885
208  22.1723
209  13.2872
210  13.2544
211  13.2288
212  13.7205
213  13.6853
214  13.72
215  13.2619
216  13.2159
217  13.239
218  13.667
219  13.6046
220  13.6304
221  13.1756
222  12.7436
223  12.7036
224  13.0687
225  10.795
226  10.6963
227  10.5355
228  11.5452
229  11.6286
230  11.603
231  11.537
232  3.23285
233  11.1898
234  11.2401
235  11.1937
236  11.2463
237  15.1615
238  14.6556
239  10.6652
240  10.6099
241  8.67972
242  10.0723
243  10.8623
244  11.7273
245  11.9154
246  12.4719
247  12.6103
248  12.7887
249  11.0755
250  13.9281
251  14.7742
252  14.8438
253  12.4282
254  10.8411
255  12.5797
256  9.26163
