1  0
2  0
3  0
4  28.8238
5  30.1591
6  29.9815
7  30.2118
8  30.0478
9  29.1088
10  31.1251
11  28.6866
12  28.3398
13  26.9296
14  30.3721
15  25.8125
16  25.3425
17  24.6109
18  24.5586
19  32.6584
20  25.0924
21  24.8332
22  24.8697
23  32.9074
24  24.8508
25  32.7134
26  32.6718
27  32.6269
28  24.7935
29  24.6825
30  24.5117
31  32.5467
32  24.3029
33  22.0616
34  21.7858
35  25.8928
36  22.2742
37  22.279
38  21.909
39  21.8736
40  21.9258
41  30.2626
42  29.9356
43  26.1661
44  29.8357
45  25.7908
46  29.3089
47  29.5075
48  29.6352
49  46.0939
50  45.7089
51  41.5674
52  41.9148
53  46.2263
54  46.196
55  41.8177
56  41.4926
57  41.8238
58  37.7494
59  37.7855
60  37.7636
61  45.353
62  45.1625
63  45.157
64  41.2852
65  24.1542
66  23.7299
67  23.6759
68  19.8829
69  28.2381
70  15.9547
71  15.8453
72  15.8174
73  23.8877
74  23.8818
75  19.7951
76  19.8696
77  27.374
78  19.2112
79  23.1728
80  15.5474
81  -7.14552
82  -1.27872
83  -11.3139
84  -3.10508
85  -3.32667
86  -9.60398
87  -9.96124
88  -7.80162
89  -3.8618
90  -7.92029
91  -1.66604
92  -3.26623
93  -3.293
94  -9.55843
95  -1.54716
96  -1.17498
97  -3.94284
98  -10.147
99  -5.98873
100  -5.84891
101  -6.12934
102  -6.46364
103  -12.5391
104  3.36562
105  -2.64811
106  -8.60497
107  -8.44052
108  -6.01196
109  -6.05275
110  -10.2811
111  -12.2864
112  -1.92182
113  -3.84417
114  -10.1113
115  -5.96972
116  -9.86452
117  -4.07384
118  -4.47211
119  -2.5627
120  -10.595
121  27.2859
122  25.4557
123  25.5543
124  22.0201
125  22.0382
126  -0.144171
127  3.78657
128  0.0132258
129  -9.02949
130  -5.21284
131  0.804616
132  1.06959
133  -7.24711
134  -7.76809
135  -13.8172
136  4.11557
137  -4.1702
138  -3.99175
139  -3.77936
140  -9.43048
141  -4.9446
142  -3.46519
143  -9.44979
144  0.841367
145  -7.51011
146  -1.70773
147  -5.64248
148  2.58678
149  -1.65447
150  -0.0701661
151  -6.20942
152  -2.13235
153  -0.462644
154  -6.42497
155  1.70559
156  0.15609
157  -5.64523
158  -7.94223
159  -9.9424
160  0.358839
161  -4.69331
162  -2.85189
163  -4.81729
164  -0.599926
165  -0.771545
166  0.897284
167  -3.30877
168  -1.25743
169  -3.50149
170  -5.47239
171  -3.31914
172  -2.97962
173  -6.78666
174  3.06971
175  -6.91129
176  -0.681529
177  29.6557
178  21.3585
179  21.2249
180  17.4655
181  29.4526
182  21.3828
183  16.9038
184  20.7991
185  29.2622
186  16.9553
187  17.2822
188  17.3139
189  24.8839
190  24.2713
191  20.3714
192  24.6694
193  22.727
194  22.5313
195  22.5494
196  18.7293
197  22.9371
198  22.7219
199  18.3266
200  22.3162
201  26.6692
202  26.3734
203  26.3887
204  26.3106
205  30.1597
206  17.7575
207  18.2429
208  22.2544
209  7.56123
210  7.56275
211  7.28493
212  7.79986
213  7.74764
214  7.80224
215  7.34527
216  7.31112
217  7.32602
218  7.48517
219  7.43132
220  7.69068
221  7.25788
222  6.82616
223  6.81277
224  7.13963
225  3.07188
226  3.03506
227  2.62037
228  3.39798
229  11.4774
230  11.7128
231  11.3982
232  11.3615
233  3.28492
234  3.32235
235  3.30954
236  3.35559
237  3.26296
238  2.76751
239  2.77344
240  2.7256
241  0
242  0
243  0
244  8.85993
245  9.10874
246  9.55285
247  9.76852
248  0
249  8.21441
250  10.9571
251  11.8277
252  12.1195
253  5.46145
254  307.083
255  0
256  6.56751
