1  18.5789
2  19.3918
3  13.2084
4  20.2656
5  30.9537
6  31.8617
7  33.9193
8  25.393
9  29.3047
10  32.2927
11  25.7201
12  23.246
13  15.6965
14  19.2034
15  27.2745
16  27.0088
17  0
18  0
19  0
20  14.7292
21  22.6671
22  22.6605
23  22.709
24  22.5836
25  22.3547
26  22.3516
27  22.2341
28  22.6083
29  18.2368
30  21.9644
31  22.0445
32  22.0197
33  22.0036
34  21.6744
35  17.7557
36  22.0913
37  22.0768
38  21.742
39  21.643
40  21.644
41  21.8508
42  21.66
43  21.7171
44  21.5905
45  25.3889
46  20.9846
47  20.9492
48  21.1255
49  41.0829
50  40.6671
51  36.2761
52  40.8637
53  41.0451
54  41.0387
55  40.5135
56  32.2429
57  40.5752
58  36.3313
59  36.642
60  36.5323
61  36.1593
62  35.7756
63  35.7684
64  35.8715
65  39.2405
66  38.7433
67  34.5899
68  39.0051
69  43.1343
70  34.8368
71  34.5986
72  30.5903
73  38.6456
74  38.6674
75  34.6109
76  34.7174
77  42.262
78  29.8616
79  37.9332
80  30.1138
81  7.25647
82  1.1217
83  9.09195
84  17.3166
85  5.11025
86  6.84014
87  0.493537
88  8.66505
89  8.60546
90  4.54595
91  10.7747
92  7.18218
93  5.15546
94  12.8583
95  4.86722
96  9.22534
97  12.4415
98  14.2476
99  12.4133
100  6.54054
101  6.26468
102  1.9564
103  -0.125147
104  15.7797
105  5.79404
106  5.80285
107  -0.00235018
108  16.4054
109  6.3554
110  6.13161
111  6.10739
112  10.4788
113  6.52892
114  6.26351
115  6.40452
116  10.5012
117  10.2932
118  5.89181
119  5.80552
120  11.7409
121  9.63491
122  11.8331
123  3.93713
124  6.41265
125  10.4189
126  10.2541
127  4.18537
128  6.41471
129  8.29768
130  6.11751
131  10.1067
132  4.36532
133  8.03261
134  3.49354
135  1.43849
136  3.38476
137  9.09694
138  9.29198
139  9.52334
140  3.88514
141  4.3419
142  7.86538
143  -2.07559
144  12.1942
145  5.73796
146  1.5267
147  1.56808
148  9.79052
149  11.523
150  7.08911
151  8.93614
152  7.01336
153  8.70596
154  4.76908
155  4.9244
156  5.37126
157  7.57902
158  1.31577
159  7.34459
160  11.6631
161  4.57521
162  8.40423
163  4.41138
164  14.6094
165  6.41794
166  0.0409571
167  3.83338
168  17.8886
169  5.66686
170  -0.294653
171  -0.10517
172  10.2717
173  10.4576
174  12.3499
175  10.4106
176  8.63161
177  45.7251
178  37.644
179  37.4798
180  38.1729
181  46.2807
182  38.3519
183  37.8058
184  33.3338
185  45.4887
186  33.2998
187  37.2713
188  32.9382
189  44.6431
190  31.7889
191  31.8511
192  36.0664
193  38.8538
194  38.6038
195  38.6605
196  35.2071
197  43.634
198  39.3878
199  42.8632
200  38.7718
201  38.7942
202  38.427
203  34.3465
204  33.983
205  41.6914
206  41.2256
207  41.5698
208  41.6331
209  22.6748
210  22.561
211  22.3168
212  23.1273
213  23.1486
214  23.2549
215  22.7096
216  22.712
217  22.516
218  22.6432
219  22.343
220  22.2997
221  17.8262
222  17.3123
223  21.2576
224  21.3474
225  21.0974
226  20.7292
227  20.1199
228  21.631
229  21.8309
230  21.8895
231  21.7471
232  21.6458
233  21.239
234  21.1978
235  29.0372
236  21.1029
237  16.7596
238  20.2342
239  28.1687
240  20.1781
241  18.2939
242  19.8755
243  21.208
244  22.322
245  22.7457
246  23.1374
247  22.7279
248  17.4593
249  21.4363
250  20.634
251  19.1067
252  24.6928
253  29.7325
254  28.3485
255  29.563
256  26.3413
