1  0.759733
2  1.79184
3  3.06288
4  4.89631
5  14.1782
6  14.0316
7  14.401
8  6.06142
9  5.23869
10  7.64855
11  4.63168
12  4.39157
13  3.1483
14  2.32273
15  1.84384
16  1.52499
17  -2.41944
18  -2.45688
19  -2.37179
20  -1.94806
21  -2.22951
22  -2.18688
23  -2.14605
24  -1.98959
25  5.64615
26  5.59736
27  5.56045
28  5.7602
29  1.63935
30  1.24488
31  5.52268
32  5.23039
33  4.77588
34  4.69452
35  1.01632
36  5.19248
37  5.20883
38  4.83101
39  4.79761
40  4.80825
41  5.17687
42  4.80039
43  5.07245
44  4.72126
45  4.66826
46  4.18429
47  4.18656
48  4.5345
49  24.7653
50  12.596
51  12.2377
52  16.7707
53  20.866
54  16.8492
55  20.4703
56  16.3185
57  20.6475
58  16.6435
59  16.6701
60  16.5847
61  24.1881
62  12.0172
63  16.0106
64  12.1426
65  21.0008
66  16.5828
67  16.282
68  16.7106
69  20.8632
70  16.7417
71  16.4353
72  16.6209
73  24.7223
74  12.7444
75  16.6463
76  16.6926
77  24.1879
78  16.0312
79  16.0311
80  12.189
81  -6.05815
82  -6.19499
83  -12.2325
84  -6.02171
85  -8.25262
86  -10.5301
87  -10.8932
88  -8.73577
89  -12.8056
90  -2.8598
91  -4.62051
92  -2.21036
93  -6.23804
94  -10.4942
95  -12.4785
96  -12.1104
97  -2.8928
98  -3.08433
99  -6.91405
100  -2.79989
101  -3.08096
102  -9.41541
103  -9.49157
104  -5.59699
105  -7.59673
106  -7.56961
107  -13.3918
108  -10.9841
109  -7.03219
110  -7.25599
111  -13.2552
112  -6.89441
113  -9.80765
114  -14.078
115  -9.9362
116  2.16764
117  -8.04121
118  -6.4556
119  -8.54778
120  -6.60026
121  19.2982
122  27.4742
123  13.5716
124  0
125  18.049
126  0
127  27.8061
128  302.824
129  0
130  0
131  0
132  1.12471
133  -9.18516
134  -15.7149
135  -11.7661
136  -3.8106
137  -4.12544
138  -5.9476
139  -9.72367
140  -7.38721
141  -2.90193
142  -1.43607
143  -9.39549
144  -5.10129
145  -9.45483
146  -11.6505
147  -7.57683
148  2.65126
149  -11.588
150  -6.01875
151  -10.1629
152  -0.0719722
153  -4.40816
154  -8.36403
155  -2.22422
156  -9.80361
157  -3.59317
158  -5.89655
159  -3.89805
160  -9.57086
161  -4.70238
162  -2.86282
163  -8.84076
164  -10.6042
165  -6.77024
166  -7.10811
167  -9.32556
168  -5.26608
169  -3.51109
170  -7.49871
171  -9.31991
172  -2.97748
173  -2.79376
174  -8.92299
175  -4.89175
176  -8.66667
177  24.6438
178  16.5698
179  24.209
180  16.4192
181  24.4006
182  12.3298
183  23.7911
184  15.6588
185  24.1388
186  12.1216
187  20.203
188  16.2287
189  20.1019
190  19.5078
191  15.5878
192  19.6137
193  21.6475
194  21.523
195  17.5181
196  17.6951
197  26.1579
198  13.4064
199  17.2387
200  17.1946
201  25.2976
202  17.2413
203  13.5503
204  17.197
205  25.0387
206  12.6385
207  13.1446
208  13.1134
209  3.5391
210  3.55074
211  3.25536
212  4.04053
213  3.72529
214  3.72839
215  3.28465
216  3.22315
217  3.2307
218  3.65763
219  3.61705
220  3.61286
221  3.16414
222  7.02802
223  3.00853
224  3.0634
225  6.0351
226  6.0103
227  5.56674
228  6.55529
229  6.66773
230  6.64756
231  6.59074
232  6.25728
233  6.19784
234  6.51769
235  6.21185
236  6.51848
237  6.13289
238  5.63099
239  5.64527
240  5.63001
241  3.71168
242  5.09879
243  5.90694
244  6.72134
245  6.89543
246  7.43739
247  7.57954
248  7.81794
249  6.08671
250  8.93101
251  9.78478
252  9.85154
253  7.42806
254  1.81128
255  7.44767
256  4.50498
