1  35.6421
2  36.4333
3  37.7898
4  40.09
5  41.7508
6  39.9186
7  40.4529
8  40.24
9  40.785
10  40.4139
11  39.4955
12  39.1477
13  37.3897
14  36.893
15  36.1231
16  32.5199
17  34.4826
18  34.1923
19  34.4669
20  34.757
21  34.6561
22  34.6991
23  34.7473
24  34.706
25  34.5812
26  34.5526
27  34.54
28  34.7155
29  30.5282
30  30.1042
31  34.0562
32  34.0061
33  29.6576
34  29.4716
35  41.5805
36  29.7983
37  37.7871
38  37.6885
39  37.6344
40  37.6443
41  37.7939
42  37.7024
43  33.7725
44  37.6681
45  41.57
46  37.0771
47  36.9753
48  29.0996
49  54.5907
50  50.4191
51  54.0452
52  54.6491
53  50.7364
54  50.7924
55  50.596
56  46.5263
57  50.6526
58  50.5851
59  50.617
60  50.578
61  58.1592
62  49.7368
63  49.6687
64  45.7243
65  53.6541
66  53.2224
67  53.1338
68  53.5437
69  57.6907
70  45.6983
71  45.5971
72  45.632
73  53.7677
74  49.7712
75  53.6087
76  49.6578
77  57.1803
78  44.7593
79  44.672
80  48.9894
81  26.6362
82  28.5003
83  28.4699
84  34.6676
85  30.4346
86  30.1611
87  25.8015
88  31.9645
89  29.8955
90  25.8394
91  24.073
92  24.4881
93  24.4814
94  34.2051
95  18.2188
96  34.5865
97  25.8335
98  21.6357
99  19.7967
100  29.9255
101  21.6392
102  33.3044
103  33.2296
104  31.1309
105  21.1151
106  33.1403
107  33.3083
108  33.7336
109  25.7023
110  25.4829
111  21.4665
112  35.8434
113  23.9703
114  17.7084
115  19.8693
116  35.9509
117  21.7282
118  25.3321
119  29.2354
120  29.207
121  21.0897
122  33.2628
123  27.3605
124  31.8136
125  25.8299
126  27.648
127  27.5859
128  29.8212
129  27.8071
130  27.6361
131  27.6488
132  27.898
133  29.5937
134  29.0725
135  31.022
136  24.9588
137  22.6544
138  34.8245
139  17.0396
140  33.3874
141  25.8734
142  23.3419
143  27.3739
144  31.6647
145  28.3122
146  30.1069
147  26.1809
148  26.4173
149  22.1769
150  33.757
151  27.6084
152  27.6916
153  21.3508
154  29.3681
155  33.5201
156  33.9624
157  24.1648
158  35.8556
159  21.8678
160  32.1797
161  28.1683
162  26.0072
163  24.0383
164  30.2557
165  24.0807
166  27.7516
167  25.5375
168  31.5911
169  25.342
170  21.3724
171  19.5292
172  37.8783
173  30.0587
174  29.9178
175  27.94
176  26.1824
177  58.0605
178  45.93
179  45.6332
180  50.0802
181  58.048
182  46.0582
183  49.6236
184  49.5813
185  54.0089
186  53.7644
187  54.0532
188  54.0207
189  57.6103
190  45.0824
191  49.1223
192  45.3996
193  53.2039
194  49.0055
195  48.9765
196  49.1856
197  53.4821
198  49.2102
199  52.8249
200  49.0532
201  53.181
202  53.0587
203  53.1301
204  53.1145
205  52.7572
206  52.5722
207  52.8829
208  49.0035
209  34.0671
210  34.008
211  41.8791
212  34.4119
213  34.0896
214  34.2621
215  33.9702
216  33.959
217  34.0088
218  34.1062
219  42.0889
220  34.1271
221  33.9589
222  33.5876
223  41.4796
224  33.6335
225  29.6701
226  29.5047
227  37.1253
228  30.0337
229  30.0495
230  30.114
231  33.9983
232  29.9482
233  37.7539
234  37.9166
235  37.9183
236  38.0171
237  33.9347
238  37.4591
239  37.3848
240  37.4686
241  36.6141
242  37.3669
243  38.3229
244  31.3869
245  39.6928
246  40.2932
247  40.505
248  32.7654
249  39.0026
250  42.0479
251  42.8058
252  42.7092
253  44.8584
254  38.0916
255  40.3137
256  36.9524
