1  17.0776
2  18.0515
3  19.0068
4  21.1015
5  22.3855
6  20.9893
7  21.4768
8  21.327
9  13.7173
10  13.4105
11  12.5301
12  12.2318
13  14.481
14  10.0116
15  9.61945
16  13.6699
17  10.5383
18  10.2546
19  10.5778
20  11.0058
21  10.741
22  10.7988
23  10.7823
24  10.7423
25  10.5918
26  10.6278
27  18.62
28  11.054
29  11.0392
30  10.5435
31  18.528
32  10.1414
33  17.749
34  17.5807
35  13.6791
36  10.0486
37  10.0287
38  9.76392
39  9.69912
40  9.6989
41  18.0069
42  17.7037
43  17.7755
44  17.7187
45  17.6387
46  17.5106
47  17.5196
48  17.1891
49  27.7137
50  27.5181
51  23.1855
52  27.7339
53  32.0344
54  28.0378
55  31.6627
56  19.5548
57  27.675
58  23.6219
59  23.6662
60  23.6474
61  27.2102
62  23.0272
63  22.7278
64  23.5095
65  27.7632
66  27.5204
67  27.247
68  27.6831
69  28.0354
70  23.7926
71  23.6932
72  27.7171
73  31.7525
74  31.7244
75  31.5965
76  31.6886
77  31.2404
78  27.0521
79  30.7277
80  27.1325
81  2.59702
82  4.45959
83  -1.57521
84  8.62733
85  4.39706
86  6.11937
87  -2.23664
88  1.92683
89  5.85937
90  1.82528
91  8.04402
92  8.4584
93  -1.55866
94  4.17497
95  4.19426
96  6.56677
97  4.79912
98  6.6091
99  2.75708
100  4.8924
101  6.61641
102  2.26419
103  8.19232
104  4.09929
105  6.09744
106  8.14221
107  4.31655
108  4.73283
109  0.701737
110  10.4713
111  -3.54678
112  6.83144
113  5.8852
114  7.60754
115  -0.248344
116  1.85237
117  -2.36298
118  5.2464
119  5.14003
120  9.10758
121  35.0044
122  3.1735
123  -0.742806
124  3.74089
125  7.73676
126  5.56705
127  1.50992
128  5.73487
129  5.67296
130  3.50143
131  5.54706
132  5.78034
133  5.48531
134  2.95584
135  -1.08846
136  2.84886
137  4.54075
138  0.72618
139  2.94056
140  1.27756
141  3.77994
142  -0.76343
143  1.26144
144  3.56228
145  0.208808
146  8.01114
147  -1.92539
148  12.3246
149  2.09185
150  -0.350699
151  1.51016
152  11.5973
153  -2.71745
154  9.30256
155  1.44061
156  3.87505
157  -1.94357
158  9.77735
159  9.76615
160  6.09849
161  1.09491
162  2.93787
163  0.969849
164  11.1845
165  3.0228
166  -3.32591
167  0.467546
168  0.525797
169  2.28167
170  -1.71707
171  -1.54182
172  6.79443
173  0.973943
174  4.84401
175  -5.13542
176  9.1034
177  33.1521
178  21.0046
179  28.87
180  25.1551
181  33.1239
182  25.1032
183  32.6707
184  24.5924
185  33.0171
186  20.7921
187  33.0833
188  21.1021
189  28.6715
190  28.1373
191  24.1903
192  28.2482
193  31.2481
194  31.055
195  27.0295
196  31.4444
197  31.5365
198  27.2267
199  27.0157
200  27.0578
201  35.1733
202  27.0963
203  27.1642
204  23.1569
205  30.9644
206  30.6261
207  26.9781
208  27.0532
209  15.0874
210  14.9936
211  14.9607
212  15.466
213  15.1309
214  15.2557
215  15.0056
216  14.9704
217  15.0171
218  15.3779
219  15.1403
220  15.3737
221  7.00986
222  6.60635
223  14.557
224  6.65979
225  0
226  0
227  0
228  13.1088
229  13.1341
230  13.1789
231  13.0631
232  12.9742
233  12.9192
234  12.9801
235  13.0011
236  13.1154
237  8.95355
238  12.5529
239  12.4752
240  12.5688
241  12.5846
242  13.0163
243  13.4743
244  14.4521
245  14.7465
246  15.3231
247  15.5451
248  15.7583
249  14.0593
250  17.0482
251  17.8855
252  17.7987
253  15.9871
254  14.0707
255  16.0597
256  12.6454
