1  1.70383
2  2.06837
3  4.80187
4  11.5014
5  15.808
6  24.8576
7  68.3632
8  -13.6162
9  13.386
10  16.9697
11  9.08701
12  6.80995
13  3.24785
14  2.77561
15  1.69953
16  1.52963
17  3.52306
18  3.12324
19  3.25586
20  3.77378
21  3.6435
22  3.71746
23  3.72273
24  3.66427
25  3.53078
26  3.67539
27  11.6001
28  3.83629
29  -0.674919
30  2.9207
31  10.74
32  2.70418
33  1.9051
34  1.42339
35  5.49135
36  1.86503
37  9.7992
38  9.66078
39  9.46786
40  9.52458
41  9.75994
42  9.64332
43  9.79114
44  5.73167
45  5.45606
46  8.92213
47  8.77278
48  8.87255
49  22.7767
50  22.4438
51  18.1072
52  22.7559
53  22.744
54  22.9028
55  18.4435
56  22.4597
57  26.6409
58  18.4858
59  18.6806
60  14.6103
61  26.2582
62  17.7855
63  25.6616
64  13.6453
65  23.9812
66  23.4244
67  19.2404
68  19.6177
69  23.7452
70  19.7506
71  19.5109
72  23.5581
73  27.7332
74  15.6853
75  15.6132
76  15.7376
77  23.3529
78  22.8261
79  22.6811
80  18.7944
81  2.90503
82  2.70181
83  4.65499
84  4.81704
85  2.61021
86  0.330605
87  -2.06161
88  4.1027
89  0.0598244
90  -1.9688
91  -1.73793
92  -1.30425
93  0.687007
94  2.34887
95  0.343838
96  -1.22225
97  4.04752
98  -2.2304
99  -2.12221
100  3.98034
101  3.67846
102  5.31572
103  1.17632
104  -2.96618
105  1.0517
106  3.15387
107  3.3932
108  -4.16346
109  -2.18555
110  -2.44112
111  -8.45012
112  7.97889
113  -1.84514
114  -8.17204
115  -8.06647
116  5.98534
117  -0.268148
118  -6.75921
119  -2.98175
120  -7.11649
121  28.8172
122  31.1281
123  27.3478
124  23.8719
125  25.9087
126  31.7339
127  27.6867
128  31.944
129  -0.0564962
130  -2.30796
131  -2.34743
132  -6.15982
133  -0.585416
134  -1.23422
135  -1.44175
136  -7.55971
137  -3.82681
138  -5.48826
139  -3.11877
140  5.29975
141  -0.277719
142  -6.69111
143  -0.51289
144  -0.212348
145  -4.56778
146  3.17208
147  7.16474
148  7.33885
149  -4.98982
150  -1.53979
151  -1.8454
152  2.17037
153  1.8836
154  -3.935
155  2.3176
156  2.85528
157  -2.95424
158  8.81521
159  -1.04989
160  5.31103
161  -5.74112
162  -2.00345
163  3.9466
164  0.139163
165  -4.11892
166  1.4414
167  -6.87727
168  -0.898602
169  -5.09761
170  3.03006
171  -2.72853
172  1.7086
173  1.89576
174  3.84657
175  -2.00538
176  4.26608
177  23.6732
178  23.3604
179  19.1753
180  19.685
181  23.8112
182  24.0453
183  19.8512
184  19.884
185  24.1765
186  19.9225
187  23.8634
188  19.639
189  23.1726
190  18.5184
191  18.5367
192  18.6212
193  22.835
194  18.4502
195  22.3922
196  18.7596
197  26.9982
198  19.0642
199  14.8481
200  19.034
201  27.1211
202  14.8882
203  26.8033
204  14.6643
205  22.3263
206  17.8799
207  17.9794
208  18.2285
209  0.740985
210  0.418159
211  0.13721
212  0.828295
213  0.638045
214  0.961683
215  0.633678
216  0.687616
217  8.72075
218  8.67341
219  8.65059
220  8.59001
221  0.320563
222  -0.110095
223  -0.292768
224  -0.0835764
225  6.42187
226  5.8562
227  5.4233
228  6.51756
229  6.60967
230  6.78802
231  6.67048
232  6.60459
233  6.44155
234  6.39828
235  6.33464
236  6.43403
237  10.1411
238  5.76603
239  9.49987
240  5.77248
241  7.00696
242  7.53457
243  8.6471
244  2.44771
245  11.9944
246  14.0083
247  15.1478
248  7.28219
249  10.9566
250  17.0179
251  16.3398
252  13.5748
253  12.6978
254  8.16862
255  8.58019
256  6.84119
