1  0
2  0
3  0
4  0
5  0
6  0
7  0
8  0
9  0
10  0
11  0
12  0
13  0
14  0
15  0
16  0
17  0
18  0
19  0
20  0
21  0
22  0
23  0
24  0
25  0
26  0
27  0
28  0
29  0
30  0
31  0
32  0
33  0
34  0
35  23.6619
36  28.0666
37  28.0796
38  27.7248
39  27.6905
40  27.7217
41  19.8527
42  19.7026
43  19.7492
44  19.6021
45  23.5514
46  19.0784
47  0
48  0
49  0
50  0
51  16.1691
52  16.7241
53  20.8379
54  20.8102
55  20.4387
56  16.3024
57  20.4491
58  20.3854
59  16.6056
60  20.559
61  24.1463
62  15.7288
63  0
64  0
65  0
66  0
67  20.2755
68  20.7033
69  24.8397
70  16.7462
71  12.4556
72  12.4565
73  20.6955
74  16.4947
75  16.3903
76  16.6556
77  24.1656
78  12.0044
79  0
80  0
81  0
82  0
83  0
84  0
85  -3.30724
86  -9.5799
87  -3.93417
88  -1.77879
89  26.1652
90  -1.89955
91  -9.664
92  -5.24129
93  -7.27339
94  -9.54523
95  0
96  0
97  0
98  0
99  -0.965907
100  -4.84013
101  -3.12099
102  -1.4601
103  -1.53247
104  -9.62764
105  -3.64134
106  -9.59829
107  -9.43903
108  -7.00827
109  -3.0489
110  -7.27241
111  0
112  0
113  0
114  0
115  1.03109
116  -6.86817
117  -5.07619
118  -11.4774
119  -9.57406
120  -7.61897
121  0
122  14.455
123  300.937
124  31.012
125  19.0264
126  26.8505
127  0
128  0
129  0
130  0
131  -3.15055
132  -2.91024
133  -5.22081
134  -3.75067
135  -5.80336
136  -5.85336
137  -8.15926
138  -7.98533
139  -7.76866
140  -3.4317
141  -10.9338
142  -7.46809
143  0
144  0
145  0
146  0
147  -12.6228
148  -6.39648
149  -10.633
150  -3.05908
151  -15.1974
152  0.883078
153  -7.45647
154  -11.432
155  -7.28332
156  5.16251
157  -8.65004
158  -12.933
159  0
160  0
161  0
162  0
163  -4.85266
164  -6.62913
165  -2.79557
166  -7.14192
167  -5.3489
168  -9.29554
169  -7.54545
170  -5.53135
171  -9.35237
172  2.99948
173  -8.83068
174  -4.97135
175  0
176  0
177  0
178  0
179  20.0714
180  20.5372
181  20.2723
182  16.2044
183  19.7057
184  15.605
185  24.0786
186  23.7954
187  20.1104
188  16.1385
189  19.7071
190  15.1079
191  0
192  0
193  0
194  0
195  19.1677
196  19.5915
197  19.7501
198  19.2859
199  15.1302
200  19.1184
201  19.23
202  19.1754
203  19.2195
204  19.1415
205  26.7284
206  14.5931
207  0
208  0
209  0
210  0
211  0
212  4.6561
213  4.60693
214  4.64929
215  4.17921
216  4.13916
217  4.15819
218  4.57171
219  4.5249
220  4.54511
221  0.106746
222  3.66314
223  0
224  0
225  0
226  0
227  0
228  0
229  0
230  0
231  0
232  0
233  0
234  0
235  0
236  0
237  0
238  0
239  0
240  0
241  0
242  0
243  0
244  0
245  0
246  0
247  0
248  0
249  0
250  0
251  0
252  0
253  0
254  0
255  0
256  0
