1  11.5886
2  12.3571
3  13.7222
4  16.3988
5  17.86
6  16.0049
7  16.7111
8  16.369
9  16.8963
10  16.4544
11  15.5441
12  15.1407
13  21.3413
14  20.8744
15  20.0874
16  16.5569
17  10.4442
18  10.1114
19  10.2335
20  10.6937
21  18.5991
22  18.6696
23  18.6722
24  18.62
25  18.3384
26  18.5282
27  18.5036
28  18.6674
29  14.5281
30  14.0896
31  18.012
32  17.9988
33  13.6437
34  13.5213
35  17.5913
36  13.8301
37  13.8363
38  13.695
39  13.6407
40  13.6552
41  13.7993
42  13.6675
43  17.7217
44  13.6516
45  17.5391
46  13.0497
47  13.0095
48  13.0931
49  30.5605
50  26.2247
51  30.0657
52  30.6101
53  34.7424
54  34.7996
55  34.5737
56  22.5078
57  34.6233
58  34.5444
59  34.5851
60  34.5574
61  34.1115
62  33.6945
63  33.5777
64  29.9122
65  37.6474
66  29.359
67  29.101
68  29.5554
69  33.7146
70  29.6894
71  29.6017
72  29.647
73  37.6972
74  25.6867
75  29.5856
76  25.6305
77  33.1622
78  28.7355
79  28.6661
80  32.9435
81  6.6937
82  8.56269
83  8.54006
84  4.72691
85  0.496889
86  10.226
87  5.86091
88  12.0284
89  9.959
90  5.90334
91  4.14964
92  4.56745
93  4.55405
94  4.28624
95  -1.70253
96  14.6517
97  5.90009
98  1.72855
99  -0.1402
100  9.99955
101  1.71783
102  13.3703
103  13.3059
104  11.2154
105  1.20962
106  13.2429
107  13.4156
108  13.8471
109  5.79306
110  5.58408
111  1.57635
112  15.9421
113  3.91533
114  -2.34761
115  -0.203602
116  15.8968
117  1.66631
118  5.27454
119  -0.82454
120  9.13882
121  1.04336
122  13.2213
123  7.34269
124  11.7941
125  5.81426
126  7.62982
127  7.58119
128  9.79501
129  7.82393
130  7.64849
131  7.67142
132  7.91191
133  9.6007
134  9.07508
135  11.0347
136  4.96267
137  2.67496
138  4.8557
139  -2.93038
140  13.4256
141  5.90754
142  3.37285
143  7.41202
144  11.6879
145  8.35099
146  10.1661
147  6.22132
148  6.45816
149  2.22724
150  13.7862
151  -2.35207
152  7.73212
153  1.38985
154  9.41823
155  13.5742
156  14.0171
157  4.22124
158  5.90716
159  1.91978
160  12.2313
161  8.1298
162  5.96801
163  3.99323
164  10.2188
165  4.05767
166  -2.29011
167  5.50587
168  11.5532
169  5.30979
170  1.34423
171  -0.495784
172  17.8601
173  10.0346
174  9.90646
175  7.92143
176  6.17263
177  33.954
178  29.8197
179  29.5257
180  34.0104
181  33.9921
182  29.7949
183  33.5673
184  33.5033
185  37.786
186  29.6776
187  29.9516
188  29.9195
189  33.5036
190  28.9628
191  32.9939
192  29.0675
193  37.094
194  24.8891
195  24.7412
196  25.0982
197  37.378
198  25.0945
199  28.8805
200  24.8199
201  37.0469
202  28.9415
203  29.0106
204  28.9614
205  36.5955
206  28.4259
207  28.7526
208  24.8866
209  17.9621
210  17.9129
211  17.822
212  18.3382
213  18.027
214  18.1745
215  17.8973
216  17.869
217  17.9038
218  18.0285
219  18.0102
220  18.0564
221  17.8967
222  17.4947
223  17.435
224  17.5372
225  13.6457
226  13.4486
227  13.0694
228  13.9853
229  13.9864
230  14.0676
231  17.9322
232  13.8791
233  13.8464
234  13.8629
235  13.87
236  13.9699
237  9.81882
238  13.4547
239  13.1368
240  13.4491
241  12.5926
242  13.3284
243  14.2978
244  15.3639
245  15.654
246  16.3306
247  16.5671
248  16.8076
249  23.0106
250  26.0951
251  26.8751
252  18.6913
253  20.3727
254  14.389
255  16.9739
256  12.9276
