1  33.413
2  33.9457
3  35.6037
4  38.5001
5  40.1413
6  38.5216
7  38.7241
8  38.3897
9  39.725
10  44.5651
11  37.8562
12  37.0973
13  35.1583
14  34.5074
15  34.3198
16  33.7768
17  0
18  0
19  0
20  24.471
21  24.42
22  24.5182
23  32.5008
24  24.4726
25  32.1904
26  32.1868
27  32.1718
28  24.4992
29  32.2863
30  31.8748
31  31.8038
32  23.7735
33  33.4684
34  33.2729
35  29.3743
36  33.7601
37  25.786
38  25.5216
39  25.4279
40  25.4907
41  25.6366
42  25.5161
43  25.5973
44  25.5217
45  29.3832
46  28.934
47  24.8391
48  24.8942
49  26.4356
50  22.2165
51  25.8784
52  22.4935
53  30.5766
54  18.6696
55  26.2849
56  18.199
57  30.5124
58  30.2627
59  30.3165
60  22.2818
61  30.0174
62  29.6006
63  29.4972
64  29.7967
65  27.5407
66  23.0953
67  22.9578
68  27.4087
69  27.5689
70  23.596
71  27.3428
72  27.5478
73  27.6526
74  23.6194
75  23.5036
76  342.063
77  31.0941
78  18.8446
79  402.083
80  18.8734
81  -1.46876
82  10.3982
83  -5.62612
84  10.5663
85  2.32502
86  2.05256
87  1.68684
88  -0.172022
89  3.77336
90  1.72398
91  1.97208
92  -1.62227
93  2.35955
94  0.0982176
95  4.10615
96  -3.51343
97  -0.237323
98  1.55089
99  -0.286549
100  3.8372
101  3.54952
102  3.20829
103  1.12952
104  -2.98108
105  5.01724
106  5.04279
107  7.22616
108  5.63837
109  -2.39944
110  5.38863
111  3.37454
112  1.7474
113  5.87328
114  1.60248
115  1.75881
116  7.8359
117  3.61649
118  -0.774253
119  3.11611
120  -0.929814
121  0.960953
122  -0.860591
123  -4.75123
124  7.69229
125  3.73161
126  -0.450245
127  3.49216
128  -0.290627
129  5.67248
130  5.50243
131  5.52585
132  3.77799
133  3.45914
134  2.92594
135  -1.12602
136  -3.18656
137  2.49545
138  4.67821
139  2.89938
140  -0.749228
141  5.72839
142  7.21758
143  -0.746722
144  3.53092
145  6.19402
146  2.00316
147  2.06664
148  6.29785
149  -3.9474
150  3.62161
151  5.47602
152  -0.445298
153  -0.800145
154  -4.76249
155  -4.61323
156  11.8186
157  6.02822
158  1.73952
159  -0.246391
160  8.05487
161  0
162  0
163  0
164  0
165  -3.07681
166  8.57964
167  8.37378
168  8.4159
169  4.17147
170  2.18779
171  -1.63826
172  -1.30347
173  26.8798
174  30.7374
175  32.7806
176  39.0018
177  31.842
178  19.7268
179  23.4269
180  19.8687
181  31.8342
182  19.7006
183  19.3961
184  23.366
185  31.6878
186  19.5883
187  23.8671
188  23.8486
189  27.4527
190  26.8902
191  26.9255
192  27.0181
193  0
194  22.7474
195  26.7336
196  26.9358
197  27.2148
198  26.9548
199  26.5793
200  26.8227
201  30.9503
202  22.8469
203  26.9272
204  22.8783
205  30.5499
206  30.3592
207  26.5047
208  26.8021
209  0
210  0
211  0
212  10.2454
213  9.92875
214  10.1014
215  9.77354
216  9.77536
217  9.84845
218  0
219  9.93578
220  9.9575
221  301.434
222  5.4085
223  9.27581
224  9.47744
225  9.4776
226  9.26156
227  8.87829
228  9.79823
229  9.83699
230  9.89046
231  9.79337
232  9.58691
233  9.51802
234  9.54205
235  9.55268
236  9.82238
237  5.66145
238  5.27714
239  9.17325
240  9.29601
241  12.421
242  13.1474
243  14.1451
244  15.1355
245  15.624
246  16.3881
247  16.7786
248  16.8574
249  14.8165
250  18.4852
251  18.9582
252  18.5799
253  16.7766
254  14.2086
255  16.2496
256  4.76407
