1  16.299
2  16.7848
3  18.1931
4  20.1743
5  21.3869
6  20.0784
7  20.7722
8  20.4429
9  20.7601
10  20.5253
11  19.5798
12  19.3861
13  18.0784
14  17.6245
15  16.8044
16  12.8045
17  14.7746
18  14.7301
19  15.2165
20  15.2012
21  15.1168
22  15.0812
23  15.0824
24  14.7705
25  14.67
26  14.6685
27  14.6947
28  15.1981
29  10.7454
30  10.7626
31  14.7067
32  14.7007
33  10.1708
34  9.75233
35  14.124
36  10.2281
37  18.1491
38  17.7774
39  17.6885
40  17.6721
41  17.7787
42  17.708
43  14.072
44  18.1194
45  14.1416
46  9.71632
47  9.6501
48  9.66491
49  35.1212
50  22.6959
51  34.6241
52  27.0847
53  31.138
54  30.8453
55  30.6398
56  26.323
57  30.6205
58  30.3449
59  30.651
60  30.6918
61  30.626
62  30.2119
63  30.1447
64  26.2015
65  34.1398
66  33.7003
67  33.6372
68  33.7592
69  29.8349
70  25.7667
71  25.4006
72  25.4311
73  33.4248
74  29.4289
75  33.3959
76  29.7483
77  29.6352
78  25.1818
79  25.1386
80  29.2355
81  6.78466
82  8.66884
83  8.66778
84  4.88464
85  0.680534
86  10.4302
87  6.10182
88  12.2701
89  0.231808
90  6.1677
91  4.39005
92  4.79208
93  4.76528
94  4.47475
95  -1.52014
96  14.8152
97  5.94336
98  1.76004
99  -0.078174
100  0.0810413
101  1.8138
102  13.5038
103  3.44906
104  11.3712
105  1.37953
106  13.4006
107  13.5647
108  13.9866
109  5.92943
110  5.69725
111  1.67513
112  6.03218
113  3.95247
114  -2.29877
115  -0.148689
116  15.9678
117  1.75437
118  5.38689
119  -0.688424
120  9.28392
121  1.19915
122  13.3914
123  7.4852
124  11.9554
125  5.9612
126  7.77705
127  7.70933
128  -0.064693
129  7.7979
130  7.62606
131  7.63366
132  7.89489
133  -0.415482
134  9.076
135  11.0384
136  5.00501
137  2.73756
138  4.91393
139  -2.86151
140  13.4948
141  6.02299
142  3.46931
143  7.48488
144  11.7762
145  8.24733
146  10.0559
147  6.11085
148  6.33834
149  2.08695
150  13.6676
151  -2.45225
152  7.63993
153  1.31434
154  9.3732
155  13.5498
156  13.9976
157  4.216
158  5.90909
159  1.92936
160  12.2357
161  8.08041
162  5.90201
163  3.92204
164  10.1242
165  3.94269
166  -2.39782
167  5.40561
168  11.4635
169  5.25739
170  1.30746
171  -0.509082
172  7.87206
173  10.0472
174  9.93444
175  7.97262
176  6.21653
177  30.6622
178  27.0131
179  26.5755
180  30.8157
181  30.8967
182  26.9358
183  30.4515
184  30.3098
185  34.7198
186  34.5832
187  34.623
188  34.6056
189  38.1376
190  25.5981
191  29.6253
192  25.6632
193  33.7612
194  29.6166
195  29.644
196  30.0977
197  34.2611
198  30.1713
199  33.7661
200  29.7822
201  33.8638
202  33.704
203  33.7068
204  33.6428
205  33.2365
206  33.0791
207  33.526
208  29.2511
209  14.6518
210  15.0086
211  14.5891
212  15.134
213  15.1019
214  15.1925
215  15.0781
216  14.682
217  14.7018
218  15.0548
219  14.6961
220  14.6672
221  14.5291
222  14.083
223  14.0539
224  14.1312
225  10.5863
226  10.1996
227  10.2425
228  10.7489
229  11.095
230  11.1069
231  14.7662
232  11.0192
233  18.6372
234  18.625
235  18.6115
236  18.6453
237  14.5854
238  18.0974
239  18.0624
240  18.085
241  9.73617
242  18.2073
243  19.5756
244  12.0885
245  12.3459
246  12.9661
247  21.0745
248  13.1154
249  19.6788
250  22.367
251  22.8903
252  23.0357
253  24.9208
254  19.1405
255  20.4882
256  9.73021
