1  34.5227
2  35.2737
3  36.6275
4  39.3868
5  40.7963
6  38.9151
7  39.3323
8  39.1751
9  39.8656
10  39.3728
11  38.5221
12  38.0531
13  36.0867
14  39.6248
15  35.0426
16  34.843
17  0
18  0
19  35.2704
20  35.5481
21  35.4491
22  35.55
23  35.5747
24  35.5462
25  35.2625
26  35.2747
27  35.237
28  35.6038
29  35.4008
30  34.9712
31  34.907
32  34.8891
33  37.4792
34  37.2804
35  33.3783
36  37.8122
37  37.6215
38  37.5337
39  37.4925
40  37.5335
41  37.6571
42  37.552
43  37.6102
44  37.5025
45  37.395
46  36.9207
47  36.863
48  36.9757
49  35.4432
50  23.2489
51  22.8994
52  27.5007
53  31.5863
54  27.6617
55  27.3202
56  27.2622
57  31.5291
58  27.3089
59  27.3364
60  27.2909
61  31.0377
62  30.8068
63  26.5532
64  26.8377
65  34.5278
66  26.0722
67  33.9761
68  26.2821
69  34.5911
70  22.6106
71  34.5338
72  26.5734
73  34.6363
74  26.6274
75  34.3434
76  26.5849
77  30.1076
78  25.67
79  25.5859
80  29.8802
81  7.76184
82  1.62124
83  5.60936
84  3.7958
85  5.56592
86  3.27783
87  0.900592
88  -0.941756
89  8.98016
90  10.9187
91  3.15955
92  7.55628
93  7.53679
94  5.25644
95  3.27257
96  9.66013
97  3.93231
98  -0.261079
99  -0.110307
100  10.0222
101  7.73554
102  9.37823
103  9.29744
104  7.19043
105  7.17108
106  5.17652
107  9.35014
108  1.76758
109  3.72941
110  1.49229
111  3.50054
112  7.85794
113  5.92781
114  -0.344416
115  1.82114
116  7.90594
117  3.67865
118  3.27848
119  -2.82438
120  7.11904
121  39.0033
122  39.1715
123  37.2797
124  5.74799
125  3.75489
126  1.58573
127  5.52424
128  13.7635
129  0
130  0
131  0
132  0
133  34.5488
134  249.012
135  35.9416
136  37.8744
137  5.56051
138  1.73648
139  -0.0511343
140  0.291256
141  310.91
142  30.2761
143  30.309
144  38.608
145  8.2773
146  2.07206
147  2.13827
148  6.38164
149  4.12577
150  1.69174
151  3.54609
152  9.60404
153  1.25222
154  11.261
155  7.41437
156  11.8359
157  6.05302
158  5.76867
159  1.76644
160  8.07793
161  4.08363
162  -0.0716216
163  5.95315
164  10.1806
165  9.99763
166  3.64679
167  9.43067
168  9.4681
169  7.20407
170  9.20901
171  5.38377
172  9.72328
173  5.90052
174  -0.244126
175  -0.189873
176  16.0315
177  0
178  0
179  0
180  31.9515
181  31.9079
182  31.7812
183  27.5007
184  27.477
185  35.7885
186  23.6693
187  35.9326
188  23.7572
189  35.509
190  22.9291
191  30.9859
192  23.2428
193  31.0407
194  30.8284
195  26.7949
196  27.0127
197  35.3149
198  23.0459
199  30.8261
200  26.7663
201  31.0076
202  26.9222
203  26.9843
204  26.9346
205  30.6029
206  26.4072
207  26.5138
208  30.8179
209  8.95204
210  8.84487
211  16.737
212  9.29314
213  8.96682
214  9.2661
215  16.8313
216  8.70913
217  16.8899
218  17.0126
219  17.0038
220  17.0317
221  12.8601
222  16.4648
223  16.3613
224  16.4854
225  0
226  0
227  0
228  13.8842
229  13.9057
230  13.9414
231  13.8364
232  13.6506
233  13.7011
234  13.7594
235  13.7648
236  13.8665
237  9.73712
238  9.32467
239  13.2349
240  13.3168
241  9.41933
242  10.231
243  11.1981
244  12.1157
245  12.5241
246  13.2046
247  13.4331
248  13.6501
249  11.7566
250  15.019
251  15.7684
252  15.5281
253  13.1854
254  10.9598
255  13.8024
256  9.79548
