1  4.7164
2  5.24624
3  14.7851
4  9.10623
5  10.4281
6  8.92885
7  9.49379
8  9.29787
9  9.72924
10  9.39688
11  16.7837
12  8.19978
13  6.49568
14  5.82387
15  14.1312
16  0.739933
17  6.47692
18  6.19304
19  6.50756
20  6.77267
21  6.69557
22  6.74647
23  6.76435
24  6.73634
25  6.63191
26  6.62117
27  6.63053
28  7.01555
29  10.5566
30  6.17113
31  6.13766
32  6.07714
33  11.7049
34  11.5138
35  7.61444
36  4.05019
37  12.0327
38  11.7589
39  11.7081
40  3.76544
41  4.08936
42  3.77699
43  4.0324
44  3.75413
45  7.6488
46  7.15368
47  11.103
48  11.1887
49  25.6143
50  25.4336
51  21.1048
52  25.6685
53  21.7598
54  22.0051
55  17.6284
56  17.61
57  21.7027
58  21.6644
59  21.6613
60  17.6686
61  21.2453
62  21.0239
63  20.747
64  17.0113
65  26.6921
66  18.3907
67  22.1421
68  18.5748
69  22.7363
70  18.7507
71  22.6546
72  18.7213
73  26.81
74  18.7904
75  26.7005
76  18.7495
77  26.2901
78  26.0168
79  21.7805
80  14.0844
81  -7.30208
82  -1.42723
83  4.53039
84  0.735439
85  -7.48747
86  0.227487
87  -4.12752
88  -1.97167
89  -4.03891
90  -4.09607
91  -1.86609
92  2.54682
93  -5.46092
94  4.27568
95  -5.71874
96  0.65985
97  -1.14469
98  0.651952
99  0.818461
100  -7.06502
101  -1.33507
102  -3.68901
103  0.246813
104  -7.85387
105  0.150426
106  -3.81535
107  -3.63759
108  -1.23193
109  0.721138
110  0.489932
111  -5.50953
112  -5.14818
113  -3.98901
114  -2.26486
115  -4.11339
116  -0.025326
117  -6.21941
118  -0.635837
119  -8.72911
120  5.22238
121  -2.89124
122  -2.70345
123  -4.62229
124  -8.16474
125  -2.15457
126  -0.31992
127  -8.37688
128  -2.16339
129  -5.17137
130  -3.34478
131  -11.3203
132  -1.0681
133  -5.37019
134  -11.8948
135  -7.96009
136  3.97888
137  -4.31695
138  -10.1388
139  -5.94131
140  2.40011
141  -1.08691
142  -5.61349
143  -3.58229
144  -3.29844
145  -6.62285
146  1.17341
147  -2.75086
148  3.46742
149  -0.758617
150  -5.1917
151  -5.33416
152  -1.24504
153  -5.60702
154  4.44792
155  -5.42004
156  7.00108
157  -6.78105
158  -1.06363
159  4.92463
160  5.23641
161  -0.772526
162  -4.93389
163  -6.90242
164  -0.685212
165  1.14815
166  0.816217
167  -1.40373
168  -5.35211
169  -3.60213
170  -3.58889
171  -5.41139
172  4.92236
173  -4.88196
174  2.97344
175  -10.9974
176  -0.776571
177  27.0853
178  22.8251
179  22.6756
180  15.1294
181  27.0813
182  19.0929
183  22.6632
184  18.6251
185  23.0569
186  18.8222
187  19.1229
188  19.0696
189  26.6969
190  26.1453
191  26.2061
192  22.2716
193  26.1794
194  22.002
195  21.9602
196  26.1807
197  22.4806
198  18.1819
199  17.9967
200  22.0877
201  22.179
202  18.0846
203  18.1767
204  18.1555
205  29.9436
206  17.6155
207  17.9653
208  18.0469
209  8.09665
210  8.0114
211  7.92156
212  8.44505
213  8.11406
214  8.28285
215  8.00221
216  7.99519
217  8.05372
218  8.13239
219  8.14039
220  0.356342
221  3.9996
222  7.61594
223  7.55306
224  7.65955
225  6.76824
226  6.53001
227  6.40264
228  7.08662
229  7.15026
230  7.15557
231  7.08349
232  -0.994775
233  6.9429
234  6.98958
235  7.02675
236  7.11795
237  2.95951
238  2.56732
239  6.44575
240  6.57769
241  4.69229
242  5.45437
243  6.40632
244  7.44434
245  7.758
246  8.3748
247  8.72367
248  8.82764
249  7.08344
250  10.1306
251  10.9145
252  10.7811
253  8.91885
254  7.00837
255  8.98444
256  5.52508
