1  28.0737
2  29.1076
3  29.7725
4  32.0614
5  33.3285
6  31.91
7  32.7017
8  32.3751
9  32.7413
10  32.4268
11  31.4565
12  31.2062
13  37.2195
14  36.7172
15  36.5552
16  32.6103
17  26.5999
18  26.5084
19  35.0155
20  26.7677
21  34.647
22  34.6543
23  34.6455
24  34.6043
25  34.278
26  34.5108
27  34.5262
28  34.7184
29  31.0699
30  30.5686
31  34.5534
32  34.5431
33  29.7703
34  29.6015
35  33.6599
36  30.0211
37  37.8097
38  37.6343
39  37.5637
40  29.5573
41  37.6598
42  37.5484
43  33.6845
44  37.6904
45  33.6073
46  29.5525
47  29.5596
48  29.5053
49  30.7187
50  26.5165
51  30.1379
52  30.688
53  26.6775
54  26.6468
55  26.2613
56  22.1375
57  34.2645
58  26.1899
59  26.3055
60  26.5229
61  34.1549
62  25.7635
63  25.705
64  22.0456
65  29.7377
66  29.2692
67  29.1674
68  29.554
69  33.6006
70  21.5396
71  21.2008
72  21.2045
73  29.2632
74  25.2398
75  29.201
76  25.5115
77  33.1327
78  20.7632
79  28.6876
80  25.0195
81  6.68257
82  8.56168
83  8.55171
84  4.78154
85  0.561124
86  0.315356
87  -4.01513
88  12.1564
89  0.107303
90  6.04622
91  -5.73954
92  4.66218
93  4.63355
94  4.35007
95  -1.65366
96  4.70948
97  5.85821
98  1.68378
99  -0.157055
100  0.00588785
101  1.74196
102  3.42617
103  3.37336
104  11.2927
105  1.28816
106  3.30985
107  3.47894
108  13.8845
109  5.82446
110  5.60294
111  1.57391
112  5.94082
113  3.92694
114  -2.32939
115  -0.1595
116  5.93585
117  1.73985
118  -4.64294
119  -0.732203
120  9.23003
121  1.1435
122  13.3262
123  -2.57504
124  11.8848
125  5.8925
126  7.71682
127  7.63377
128  -0.137423
129  7.75652
130  7.57685
131  7.5691
132  7.83749
133  -0.478623
134  9.00743
135  0.954678
136  4.91195
137  2.63456
138  4.80997
139  -2.96223
140  13.3981
141  5.91577
142  3.37123
143  7.40506
144  1.68127
145  -1.77139
146  10.0206
147  6.07824
148  6.31383
149  2.05839
150  3.62831
151  -2.50326
152  7.58914
153  1.26722
154  -0.688711
155  3.49277
156  13.9454
157  4.1589
158  5.86018
159  1.87673
160  2.18946
161  7.98923
162  5.8193
163  3.82328
164  10.0323
165  3.85138
166  -2.50882
167  5.29435
168  1.35243
169  5.12815
170  1.18918
171  -0.635067
172  7.74455
173  -0.0524278
174  9.81593
175  7.85699
176  6.11434
177  34.5513
178  22.5128
179  22.1863
180  26.6859
181  34.7497
182  22.7924
183  26.6066
184  26.2037
185  30.5824
186  30.2467
187  30.3151
188  30.199
189  33.7822
190  21.1695
191  33.1955
192  21.2904
193  29.6022
194  25.5102
195  25.5402
196  26.0205
197  30.178
198  26.1014
199  29.675
200  25.6703
201  29.7329
202  29.5624
203  29.5329
204  29.3001
205  29.0383
206  28.6488
207  28.8111
208  25.0488
209  18.5266
210  18.5301
211  18.5062
212  11.0146
213  18.7119
214  19.0292
215  18.5943
216  10.5489
217  18.5543
218  18.5872
219  18.5081
220  18.5096
221  18.1278
222  17.6933
223  17.5814
224  17.7062
225  14.1323
226  14.5646
227  14.1377
228  14.5577
229  14.5768
230  14.6505
231  18.5928
232  6.52133
233  14.2273
234  14.4476
235  14.1711
236  14.2474
237  10.066
238  13.618
239  13.4902
240  13.5933
241  13.6109
242  14.0216
243  14.9936
244  15.7808
245  16.2149
246  16.8784
247  17.0217
248  17.2514
249  15.5375
250  18.1534
251  18.8465
252  18.7495
253  20.7866
254  14.5209
255  16.3791
256  13.5584
