1  18.5673
2  19.5562
3  13.2256
4  20.2036
5  30.9387
6  31.8618
7  33.9511
8  33.4051
9  29.2907
10  32.2607
11  25.7547
12  23.28
13  15.9399
14  28.1391
15  27.2413
16  27.0196
17  0
18  0
19  0
20  14.7787
21  22.7382
22  22.6712
23  22.7389
24  22.6344
25  22.4365
26  22.2853
27  22.2101
28  22.5591
29  18.188
30  21.9556
31  22.0125
32  21.9584
33  22.0566
34  21.712
35  17.7848
36  22.1574
37  22.1563
38  21.7558
39  21.666
40  21.6845
41  21.8182
42  21.6586
43  21.7259
44  21.5322
45  25.3251
46  20.9686
47  21.0084
48  21.1217
49  41.1364
50  40.7648
51  36.3639
52  41.0423
53  41.0855
54  41.0356
55  40.5775
56  40.2796
57  40.6194
58  28.1441
59  28.4303
60  36.5296
61  44.1874
62  35.723
63  35.725
64  35.9443
65  39.3415
66  38.8401
67  34.6648
68  38.9277
69  43.1989
70  34.8679
71  34.4837
72  30.6617
73  38.6865
74  38.6563
75  26.2345
76  34.7204
77  42.2684
78  29.8438
79  37.9284
80  30.0845
81  7.24758
82  1.11199
83  9.07335
84  17.3148
85  5.09613
86  6.83111
87  0.480932
88  8.65345
89  8.5918
90  4.54116
91  10.7612
92  7.17222
93  5.14958
94  12.8525
95  4.85526
96  9.23182
97  12.4348
98  14.23
99  12.4055
100  6.53766
101  6.26332
102  1.94147
103  -0.123866
104  15.7669
105  5.78574
106  5.7987
107  -0.0140653
108  16.3991
109  6.34468
110  6.12984
111  6.1042
112  10.47
113  6.53615
114  6.26967
115  6.41455
116  10.5106
117  10.2938
118  5.89359
119  5.81019
120  11.7515
121  9.63075
122  11.8374
123  3.94159
124  6.42453
125  10.4369
126  10.2579
127  4.19159
128  6.42747
129  8.29328
130  6.10057
131  10.1124
132  4.36985
133  8.03537
134  3.50363
135  1.43693
136  3.38551
137  9.09725
138  9.28388
139  9.52344
140  3.88884
141  4.36645
142  7.87523
143  7.93281
144  12.2015
145  5.73577
146  11.5268
147  1.57033
148  9.78083
149  11.5295
150  7.0918
151  8.94147
152  7.00892
153  8.70884
154  4.76028
155  4.92464
156  5.37712
157  7.57688
158  1.31806
159  7.34407
160  11.6556
161  4.58414
162  8.41677
163  4.40668
164  14.6052
165  6.42211
166  0.0480012
167  3.83167
168  17.8867
169  5.66228
170  -0.292952
171  -0.101785
172  10.2724
173  10.4723
174  12.364
175  10.4109
176  8.6365
177  45.6771
178  37.5472
179  37.3754
180  38.0754
181  46.0777
182  38.1865
183  37.5344
184  33.3119
185  45.3984
186  33.1824
187  36.9808
188  33.0275
189  44.5431
190  31.6802
191  31.796
192  35.8069
193  38.7798
194  38.3767
195  38.4297
196  35.0393
197  43.4559
198  39.1326
199  42.8788
200  38.588
201  38.6971
202  38.3767
203  34.2524
204  34.0025
205  41.5933
206  41.0692
207  41.342
208  41.5333
209  22.6009
210  22.5114
211  22.2255
212  22.9512
213  23.0988
214  23.2435
215  22.6081
216  22.5027
217  22.3718
218  22.524
219  22.2675
220  22.1522
221  17.7159
222  17.2072
223  21.1971
224  21.251
225  21.0118
226  20.7286
227  20.08
228  21.581
229  21.7525
230  22.036
231  21.7316
232  21.6525
233  21.1406
234  21.0799
235  28.8388
236  20.9298
237  16.6092
238  20.0869
239  28.0267
240  19.9732
241  18.2608
242  19.8006
243  21.1574
244  22.2589
245  22.7333
246  23.1294
247  16.9582
248  22.8776
249  21.4022
250  20.6206
251  19.1586
252  24.5945
253  29.6175
254  28.2202
255  29.3224
256  26.2447
