1  0
2  0
3  0
4  0
5  0
6  0
7  0
8  0
9  0
10  0
11  0
12  0
13  0
14  0
15  0
16  0
17  0
18  0
19  0
20  0
21  0
22  0
23  0
24  0
25  0
26  0
27  0
28  0
29  0
30  0
31  0
32  0
33  0
34  0
35  13.283
36  1.67606
37  9.69392
38  9.5725
39  9.55394
40  9.59756
41  9.71768
42  9.58463
43  9.6038
44  9.2812
45  9.16652
46  12.6833
47  0
48  0
49  0
50  0
51  17.7644
52  22.5399
53  26.6601
54  22.6485
55  26.2694
56  22.1417
57  26.2738
58  26.235
59  26.2669
60  22.2
61  25.792
62  25.565
63  0
64  0
65  0
66  0
67  26.0724
68  26.5234
69  30.6576
70  18.3861
71  22.3043
72  22.3024
73  26.3609
74  26.3563
75  22.2626
76  26.5393
77  30.0233
78  17.5974
79  0
80  0
81  0
82  0
83  -4.33858
84  -0.136687
85  -4.36925
86  -10.6478
87  -9.00853
88  3.14604
89  -0.908108
90  1.02867
91  1.257
92  1.67926
93  1.66388
94  3.38973
95  0
96  0
97  0
98  0
99  3.01476
100  3.13776
101  -3.15038
102  -5.48689
103  -3.56655
104  0.330603
105  -3.68388
106  -5.63944
107  -5.46429
108  2.94954
109  -1.08692
110  -3.32847
111  0
112  0
113  0
114  0
115  -0.988645
116  9.09881
117  -3.11667
118  -9.51865
119  -9.62141
120  0.328137
121  30.2219
122  -3.6039
123  -3.50183
124  -5.04212
125  0.973129
126  -3.20073
127  0
128  0
129  0
130  0
131  -2.1589
132  0.0749787
133  -0.238517
134  -6.76381
135  1.16937
136  -2.87395
137  -5.19351
138  -9.01215
139  -4.79771
140  5.54997
141  0.0278849
142  -6.48838
143  0
144  0
145  0
146  0
147  -0.659851
148  3.57202
149  1.33314
150  0.912961
151  -5.235
152  0.837798
153  -3.5
154  -1.4611
155  -9.33541
156  7.09531
157  -4.69681
158  2.99881
159  0
160  0
161  0
162  0
163  -5.87133
164  6.34588
165  -5.81579
166  3.84312
167  -12.3724
168  -0.326277
169  -6.58245
170  3.42871
171  5.6067
172  -2.05416
173  0.127304
174  -5.99854
175  0
176  0
177  0
178  0
179  21.5653
180  22.0361
181  26.0248
182  25.7209
183  25.2402
184  25.16
185  29.6335
186  17.5712
187  21.6957
188  17.7013
189  25.5018
190  24.7051
191  0
192  0
193  0
194  0
195  24.6947
196  17.094
197  25.5162
198  21.0767
199  24.6432
200  20.6721
201  25.0284
202  20.7503
203  21.0094
204  20.7407
205  28.5486
206  28.155
207  0
208  0
209  0
210  0
211  11.6414
212  12.1628
213  12.0866
214  12.1599
215  11.6745
216  11.6496
217  3.69166
218  4.07861
219  4.04012
220  4.04824
221  7.6289
222  7.21481
223  0
224  0
225  0
226  0
227  0
228  0
229  0
230  0
231  0
232  0
233  0
234  0
235  0
236  0
237  0
238  0
239  0
240  0
241  0
242  0
243  0
244  0
245  0
246  0
247  0
248  0
249  0
250  0
251  0
252  0
253  0
254  0
255  0
256  0
