1  0
2  0
3  0
4  0
5  0
6  0
7  0
8  0
9  0
10  0
11  0
12  0
13  0
14  0
15  0
16  0
17  0
18  0
19  0
20  0
21  0
22  0
23  0
24  0
25  0
26  0
27  0
28  0
29  0
30  0
31  0
32  0
33  0
34  0
35  2.00788
36  6.20192
37  6.19941
38  5.84486
39  5.80678
40  -2.18147
41  5.95314
42  5.82484
43  5.87154
44  5.74421
45  5.69256
46  5.20116
47  0
48  0
49  0
50  0
51  0
52  13.8511
53  25.9448
54  13.9061
55  13.7058
56  17.3743
57  21.6987
58  17.4668
59  17.7044
60  21.6577
61  21.2609
62  17.0732
63  0
64  0
65  0
66  0
67  16.6121
68  20.81
69  20.9493
70  20.8428
71  16.7268
72  16.725
73  20.7488
74  20.7785
75  20.4837
76  16.7552
77  20.2795
78  16.0968
79  0
80  0
81  0
82  0
83  -10.3203
84  1.88261
85  -2.33501
86  -4.6094
87  -6.96538
88  -0.803529
89  -6.85664
90  -4.91576
91  -8.68665
92  5.73339
93  -10.2895
94  -4.55975
95  0
96  0
97  0
98  0
99  -7.01435
100  3.12185
101  -11.1592
102  -7.4909
103  -5.56131
104  -1.65489
105  -7.66333
106  -11.6338
107  -11.4653
108  4.96502
109  -9.08395
110  -5.31305
111  0
112  0
113  0
114  0
115  -6.0125
116  -9.91694
117  -8.12563
118  -10.5191
119  -12.615
120  -4.6544
121  -6.75589
122  -4.58688
123  -4.47812
124  1.98047
125  -8.01119
126  -6.18298
127  0
128  0
129  0
130  0
131  -10.1869
132  -5.93278
133  -8.23653
134  -8.75872
135  -14.8138
136  3.1275
137  -3.16392
138  -0.9802
139  -8.76832
140  -4.43358
141  -3.93387
142  -2.458
143  0
144  0
145  0
146  0
147  -0.656208
148  -2.42177
149  -8.66325
150  -13.0775
151  -15.2238
152  0.865145
153  -7.47114
154  -5.42517
155  -5.29111
156  5.1527
157  -6.66112
158  -8.96186
159  0
160  0
161  0
162  0
163  0
164  0
165  -4.8032
166  -11.1358
167  -7.34787
168  -3.29111
169  -11.5363
170  -5.52256
171  -5.3476
172  -1.01106
173  21.1772
174  33.03
175  0
176  0
177  0
178  0
179  22.1711
180  18.6433
181  22.3733
182  18.3078
183  17.8205
184  21.7055
185  22.1662
186  21.8943
187  18.2085
188  22.2307
189  25.8241
190  13.232
191  0
192  0
193  0
194  0
195  18.5237
196  18.6987
197  27.1163
198  14.6825
199  14.2447
200  14.2327
201  22.3524
202  18.2931
203  18.5716
204  18.2663
205  26.0892
206  13.7019
207  0
208  0
209  0
210  0
211  2.27303
212  2.77401
213  2.72153
214  2.75833
215  2.29873
216  2.25185
217  2.26632
218  2.67687
219  2.38109
220  2.63645
221  2.20705
222  2.02624
223  0
224  0
225  0
226  0
227  0
228  0
229  0
230  0
231  0
232  0
233  0
234  0
235  0
236  0
237  0
238  0
239  0
240  0
241  0
242  0
243  0
244  0
245  0
246  0
247  0
248  0
249  0
250  0
251  0
252  0
253  0
254  0
255  0
256  0
