1  9.05984
2  9.88707
3  11.1152
4  12.5389
5  13.6244
6  13.1413
7  13.7968
8  13.4725
9  12.4623
10  13.9376
11  12.1865
12  12.0905
13  10.7874
14  14.2208
15  9.67828
16  9.24101
17  14.8073
18  14.7013
19  14.7938
20  15.1958
21  14.9453
22  14.868
23  14.8876
24  14.7705
25  14.4864
26  14.3865
27  14.3342
28  14.7348
29  14.6362
30  14.2847
31  14.3117
32  14.2401
33  15.2146
34  14.9622
35  11.2104
36  15.4251
37  15.3849
38  14.9753
39  14.8636
40  14.8363
41  6.9416
42  6.80772
43  6.86252
44  6.75754
45  10.7278
46  10.2774
47  6.27432
48  6.5435
49  26.211
50  25.8501
51  21.6596
52  26.1757
53  26.2551
54  21.9977
55  21.6936
56  25.3335
57  25.4344
58  25.4107
59  25.4972
60  21.6228
61  33.2856
62  25.0722
63  25.0379
64  21.2108
65  29.31
66  24.8968
67  24.8073
68  25.193
69  29.2698
70  28.8945
71  24.7214
72  24.4977
73  28.6684
74  24.6901
75  24.4655
76  24.7662
77  32.3108
78  24.116
79  24.1094
80  24.2873
81  -0.346802
82  -0.467897
83  -6.51493
84  -4.29841
85  -0.487681
86  -4.73956
87  -1.0562
88  -2.88463
89  -4.91532
90  -0.986014
91  1.26013
92  1.67232
93  -2.35566
94  -8.63821
95  -8.63159
96  7.73783
97  -3.22699
98  4.58522
99  -5.24351
100  4.90172
101  0.647516
102  -3.65744
103  -1.68527
104  -1.75424
105  -1.73813
106  0.284483
107  -5.5453
108  10.8738
109  -3.18545
110  6.56342
111  -9.42904
112  0.938845
113  -0.0869887
114  1.63675
115  1.78808
116  -0.0924779
117  -6.26864
118  5.37574
119  1.31472
120  5.31641
121  -2.78077
122  -6.58175
123  -2.49926
124  7.94734
125  -0.0426036
126  -0.220727
127  -6.31243
128  11.928
129  1.68736
130  -0.471629
131  -2.45011
132  3.82327
133  -0.455472
134  -2.93359
135  -6.95235
136  -6.97582
137  2.74019
138  0.91648
139  1.13306
140  5.46705
141  1.98012
142  -2.5949
143  -4.58193
144  -0.292929
145  -0.787841
146  -6.97265
147  -2.88282
148  9.35028
149  1.16653
150  2.75558
151  2.6514
152  0.756979
153  -5.57147
154  0.472532
155  -1.38497
156  3.04048
157  1.23216
158  2.92464
159  -1.10591
160  -0.772463
161  2.03835
162  3.89843
163  -4.06744
164  -1.83044
165  -3.96603
166  5.71112
167  -4.45754
168  3.61665
169  3.39197
170  5.39468
171  5.57211
172  -0.0950895
173  0.100568
174  1.93029
175  -6.05049
176  10.1812
177  29.7726
178  25.4823
179  29.3358
180  25.7565
181  29.493
182  29.3827
183  24.8594
184  24.7065
185  32.9601
186  20.8746
187  25.1596
188  21.226
189  32.8414
190  20.2774
191  20.3593
192  24.6265
193  30.7944
194  30.4603
195  26.4231
196  30.8037
197  26.9737
198  26.7018
199  26.2575
200  22.2299
201  30.3167
202  26.2485
203  26.3158
204  26.2744
205  30.0978
206  25.7797
207  26.2226
208  30.2761
209  13.671
210  13.6465
211  13.4037
212  13.875
213  13.7589
214  13.7967
215  13.3137
216  13.2445
217  13.2683
218  13.611
219  13.5838
220  13.4648
221  13.2641
222  12.8729
223  12.8145
224  13.1065
225  11.2123
226  10.9549
227  10.7141
228  11.489
229  11.7277
230  11.6939
231  11.389
232  11.3186
233  11.2114
234  11.2999
235  11.2819
236  11.3522
237  15.1903
238  14.7341
239  10.7164
240  10.7523
241  9.12158
242  18.2156
243  19.2226
244  11.9141
245  11.9623
246  12.3549
247  20.3966
248  12.4598
249  18.9714
250  21.5103
251  22.512
252  14.9938
253  20.3028
254  18.8479
255  20.4205
256  9.38516
