1  31.0901
2  32.0657
3  33.0377
4  35.1032
5  36.38
6  34.9332
7  35.703
8  35.383
9  35.7882
10  35.4626
11  34.5117
12  34.2806
13  32.2712
14  31.772
15  32.2666
16  31.5839
17  24.5819
18  24.2458
19  32.5426
20  24.7458
21  32.6086
22  32.6369
23  32.6177
24  32.5669
25  32.2704
26  32.2805
27  32.279
28  24.6738
29  32.5416
30  36.1292
31  32.0571
32  24.0678
33  29.777
34  29.6665
35  33.7317
36  30.065
37  29.8185
38  29.6697
39  29.5771
40  29.5566
41  29.6408
42  29.5524
43  33.6399
44  29.6594
45  25.5799
46  29.5039
47  29.0778
48  29.1329
49  45.7611
50  45.5793
51  41.2248
52  41.7387
53  49.7581
54  45.7257
55  45.5102
56  45.1765
57  49.3065
58  45.2217
59  45.5327
60  49.561
61  53.1758
62  45.5122
63  44.7251
64  41.5472
65  29.0417
66  24.5797
67  24.5151
68  28.6801
69  32.7497
70  24.6667
71  20.3563
72  20.3289
73  32.3808
74  24.3396
75  20.2971
76  20.5945
77  28.2061
78  28.0111
79  23.7736
80  24.102
81  -0.123827
82  -4.24832
83  -2.2653
84  3.96065
85  -0.244764
86  -4.49111
87  -2.83084
88  11.341
89  1.29411
90  1.23506
91  -0.528131
92  13.8574
93  5.8256
94  -0.461323
95  5.55056
96  1.90606
97  5.03023
98  -1.17162
99  5.0092
100  5.15846
101  2.89455
102  0.589857
103  -1.47957
104  2.43686
105  0.455075
106  -1.51798
107  -1.34962
108  13.0493
109  0.996619
110  -1.23571
111  2.74549
112  5.10263
113  -2.95045
114  2.79303
115  2.94409
116  1.04175
117  0.869024
118  0.464144
119  -1.60873
120  4.33609
121  4.22877
122  4.43195
123  0.513793
124  0.994707
125  -3.00517
126  4.82522
127  8.74926
128  8.96291
129  0
130  0
131  0
132  0
133  26.607
134  34.094
135  34.0461
136  37.9993
137  1.7205
138  1.90091
139  -3.87186
140  4.48673
141  30.9835
142  32.4635
143  24.4988
144  226.86
145  6.35688
146  8.16325
147  2.21726
148  4.43336
149  6.19088
150  3.75523
151  3.62108
152  5.71299
153  5.40071
154  1.45105
155  7.59852
156  6.07132
157  6.28451
158  8.00028
159  6
160  0.32629
161  1.16141
162  -5.00266
163  -1.00504
164  7.2031
165  -0.965543
166  2.68203
167  -7.518
168  2.54456
169  -1.69428
170  2.34408
171  0.540993
172  4.92303
173  5.11982
174  0.993768
175  7.03352
176  5.25568
177  28.5503
178  28.4685
179  28.1792
180  24.675
181  28.7035
182  28.7708
183  28.5565
184  28.2388
185  32.646
186  24.5034
187  28.5679
188  24.3244
189  28.029
190  23.2735
191  23.3235
192  23.5128
193  32.6853
194  24.5526
195  20.56
196  21.0271
197  29.5116
198  29.0767
199  28.6803
200  28.7122
201  28.7735
202  24.6407
203  24.6188
204  24.5404
205  28.149
206  23.7714
207  24.0432
208  28.1597
209  16.5881
210  16.5358
211  16.4759
212  17.0448
213  16.7275
214  17.0873
215  16.6602
216  8.60343
217  8.59216
218  8.6429
219  8.59144
220  8.5916
221  12.2208
222  11.8071
223  7.67442
224  7.98795
225  0
226  0
227  0
228  6.57702
229  6.64488
230  6.72185
231  6.60551
232  6.38266
233  6.27552
234  6.44721
235  6.2205
236  6.45218
237  6.12058
238  9.68367
239  5.56118
240  5.67471
241  6.54001
242  6.71142
243  7.89976
244  8.81259
245  9.25029
246  9.90001
247  10.1912
248  10.2368
249  16.5221
250  19.3775
251  19.8492
252  19.8344
253  17.7846
254  15.5504
255  17.8374
256  14.5057
