1  0
2  0
3  0
4  0
5  0
6  0
7  0
8  0
9  0
10  0
11  0
12  0
13  0
14  0
15  0
16  0
17  0
18  0
19  0
20  0
21  0
22  0
23  0
24  0
25  0
26  0
27  0
28  0
29  0
30  0
31  0
32  0
33  0
34  0
35  29.2181
36  25.6313
37  25.6343
38  33.5428
39  33.5148
40  25.5506
41  25.6612
42  25.5175
43  25.5462
44  25.1922
45  25.0947
46  28.6002
47  0
48  0
49  0
50  0
51  17.7214
52  22.2961
53  26.594
54  22.5958
55  26.2238
56  22.1104
57  26.245
58  26.175
59  26.1881
60  22.1237
61  25.7074
62  25.5025
63  0
64  0
65  0
66  0
67  26.0123
68  26.2357
69  22.5965
70  18.3292
71  22.2381
72  22.2729
73  26.3004
74  26.2936
75  22.1708
76  26.2393
77  29.7678
78  17.5287
79  0
80  0
81  0
82  0
83  -4.36095
84  -0.16017
85  -4.39159
86  -10.6678
87  -9.02921
88  3.12864
89  -0.921418
90  1.01567
91  1.24554
92  1.67066
93  1.65508
94  3.3844
95  0
96  0
97  0
98  0
99  2.99603
100  3.11521
101  -3.16877
102  -5.50637
103  -3.57982
104  0.313861
105  -3.69829
106  -5.65121
107  -5.47293
108  2.9462
109  -1.09052
110  -3.3331
111  0
112  0
113  0
114  0
115  -1.00137
116  9.08633
117  -3.12871
118  -9.52927
119  -9.63306
120  0.320281
121  30.2174
122  -3.6044
123  -3.50594
124  -5.04287
125  0.970638
126  -3.19879
127  0
128  0
129  0
130  0
131  -2.16568
132  0.0624665
133  -0.248602
134  -6.7755
135  1.15899
136  -2.8847
137  -5.20033
138  -9.01432
139  -4.7992
140  5.54823
141  0.0254421
142  -6.48797
143  0
144  0
145  0
146  0
147  -10.6711
148  3.56049
149  1.32539
150  0.900765
151  -5.24717
152  0.831434
153  -3.50582
154  -1.46632
155  -9.33613
156  7.09214
157  -4.70052
158  -7.00477
159  0
160  0
161  0
162  0
163  -5.88607
164  6.33223
165  -5.8369
166  3.82935
167  -12.3876
168  -0.338769
169  -6.59307
170  3.4229
171  -4.4013
172  -2.06118
173  0.11888
174  -6.00731
175  0
176  0
177  0
178  0
179  21.5012
180  21.7411
181  25.7001
182  25.6418
183  25.1576
184  25.0873
185  29.5602
186  17.5018
187  21.6308
188  17.6254
189  25.2332
190  24.6318
191  0
192  0
193  0
194  0
195  24.6376
196  17.0337
197  25.1755
198  20.8183
199  24.5671
200  20.6085
201  24.749
202  20.6724
203  20.7435
204  20.6539
205  28.3378
206  28.0781
207  0
208  0
209  0
210  0
211  11.5722
212  12.1024
213  12.0089
214  12.0784
215  11.6005
216  11.5803
217  3.61741
218  4.00992
219  3.75012
220  3.97854
221  7.5648
222  7.13619
223  0
224  0
225  0
226  0
227  0
228  0
229  0
230  0
231  0
232  0
233  0
234  0
235  0
236  0
237  0
238  0
239  0
240  0
241  0
242  0
243  0
244  0
245  0
246  0
247  0
248  0
249  0
250  0
251  0
252  0
253  0
254  0
255  0
256  0
