1  0
2  0
3  0
4  0
5  0
6  0
7  0
8  0
9  0
10  0
11  0
12  0
13  0
14  0
15  0
16  0
17  0
18  0
19  0
20  0
21  0
22  0
23  0
24  0
25  0
26  0
27  0
28  0
29  0
30  0
31  0
32  0
33  0
34  0
35  0.480654
36  0.784897
37  8.76201
38  8.48911
39  8.44869
40  8.50933
41  8.77319
42  8.64204
43  4.74423
44  8.62113
45  4.47302
46  7.98981
47  0
48  0
49  0
50  0
51  17.9909
52  14.5717
53  26.7042
54  18.6612
55  18.3417
56  14.2183
57  22.4615
58  22.4358
59  22.5428
60  18.5072
61  22.2216
62  21.8331
63  0
64  0
65  0
66  0
67  22.1564
68  22.4836
69  22.7132
70  18.5377
71  22.3972
72  22.4465
73  22.5614
74  22.6201
75  18.5214
76  18.7247
77  26.2795
78  13.891
79  0
80  0
81  0
82  0
83  -6.2661
84  -2.04533
85  -12.2657
86  -4.54837
87  -2.90544
88  -0.753305
89  -2.81558
90  -6.8985
91  -0.686181
92  -0.282252
93  -6.3173
94  -6.58874
95  0
96  0
97  0
98  0
99  -5.93577
100  -1.79254
101  -4.0735
102  -10.4124
103  -6.47794
104  -8.57836
105  -4.60004
106  -6.60053
107  -2.44332
108  -4.03049
109  -10.0796
110  1.6732
111  0
112  0
113  0
114  0
115  -8.91155
116  -4.81367
117  -9.00293
118  -15.422
119  -11.5124
120  0.443518
121  -3.6671
122  -3.51299
123  -9.44319
124  -1.02061
125  -5
126  -7.17664
127  0
128  0
129  0
130  0
131  -11.16
132  -10.901
133  -11.2088
134  -1.73593
135  -17.7829
136  -3.83745
137  -10.1451
138  -16.0006
139  -7.80039
140  -3.46641
141  -2.95771
142  -7.50011
143  0
144  0
145  0
146  0
147  -8.61121
148  1.62493
149  -8.61482
150  -13.0337
151  -11.1718
152  -3.1084
153  -9.45138
154  -15.4428
155  -11.2984
156  1.10907
157  -2.68166
158  -6.97557
159  0
160  0
161  0
162  0
163  -14.8225
164  1.41019
165  -2.76376
166  -3.10117
167  -9.30792
168  -3.2594
169  -11.5272
170  -7.52283
171  -7.35178
172  -1.03332
173  -4.84788
174  -6.98962
175  0
176  0
177  0
178  0
179  16.7331
180  17.1934
181  21.1803
182  21.1332
183  20.6948
184  16.5359
185  24.9672
186  20.8637
187  21.064
188  21.0946
189  20.7389
190  20.0952
191  0
192  0
193  0
194  0
195  26.0008
196  18.3284
197  22.6214
198  22.3425
199  17.9944
200  22.0762
201  26.2561
202  18.165
203  26.2507
204  18.1604
205  21.8689
206  21.5377
207  0
208  0
209  0
210  0
211  0
212  5.46561
213  5.30972
214  5.43986
215  5.07762
216  5.01826
217  5.07759
218  5.30443
219  5.27642
220  5.32379
221  1.01808
222  0.625403
223  0
224  0
225  0
226  0
227  0
228  0
229  0
230  0
231  0
232  0
233  0
234  0
235  0
236  0
237  0
238  0
239  0
240  0
241  0
242  0
243  0
244  0
245  0
246  0
247  0
248  0
249  0
250  0
251  0
252  0
253  0
254  0
255  0
256  0
