1  27.7015
2  28.7028
3  29.9304
4  31.7497
5  33.1167
6  32.912
7  33.1459
8  32.9722
9  32.1551
10  33.9076
11  31.522
12  31.2754
13  33.8449
14  29.2909
15  28.7377
16  28.2724
17  28.5851
18  28.5195
19  28.6365
20  29.0379
21  28.7947
22  28.8265
23  29.0485
24  28.8161
25  28.6872
26  28.6126
27  28.5812
28  29.0045
29  24.6398
30  24.4523
31  28.3103
32  28.2287
33  22.8086
34  22.6954
35  35.0053
36  23.1738
37  23.1829
38  22.8306
39  30.7929
40  22.8368
41  30.9877
42  30.8447
43  27.089
44  30.7737
45  26.7233
46  30.2116
47  30.222
48  30.3435
49  0
50  0
51  49.5142
52  42.0707
53  49.9688
54  41.9498
55  41.7547
56  37.438
57  49.7802
58  37.7329
59  45.7752
60  37.7246
61  49.5624
62  37.1385
63  45.1279
64  41.234
65  27.0997
66  26.7013
67  22.6131
68  27.0068
69  30.9608
70  18.8649
71  18.7659
72  18.7654
73  26.8531
74  22.8455
75  22.7221
76  22.8133
77  26.3192
78  22.1373
79  26.1485
80  26.2832
81  0
82  0
83  0
84  0
85  -1.30724
86  -7.57739
87  -5.93821
88  -5.78092
89  24.1544
90  32.0948
91  24.3333
92  -1.25104
93  -3.27628
94  -1.54534
95  -5.53665
96  4.84534
97  -1.94891
98  -6.14181
99  -1.98248
100  8.14177
101  -2.13676
102  -2.47622
103  -6.54937
104  5.35254
105  1.35788
106  3.38686
107  3.53945
108  -0.0354914
109  -2.06994
110  -6.28707
111  -6.28761
112  6.06811
113  -2.88344
114  -5.14841
115  -4.99936
116  9.09324
117  -1.11783
118  -7.52067
119  -5.62776
120  -7.67704
121  -1.78176
122  -7.62083
123  -7.50897
124  -3.07075
125  -1.02744
126  -1.20561
127  -5.26303
128  0.952751
129  -7.0113
130  -1.18844
131  -1.15313
132  3.07443
133  -5.23375
134  -5.76751
135  -7.81808
136  0.133
137  1.81558
138  -2.00234
139  -1.79755
140  -3.45151
141  1.04258
142  2.52678
143  0.556485
144  -1.15139
145  1.4999
146  1.30185
147  -2.62721
148  -2.39324
149  -2.63555
150  -5.0612
151  -3.21237
152  2.86829
153  0.522622
154  0.573461
155  -5.29347
156  1.14145
157  -2.66297
158  -8.95548
159  -2.96832
160  7.3461
161  -3.72906
162  -5.8975
163  -5.86571
164  8.36088
165  -3.804
166  -2.14507
167  -8.36009
168  7.69447
169  -4.55423
170  -10.539
171  -4.36367
172  1.97073
173  -1.84215
174  -3.98114
175  -3.95676
176  2.26325
177  25.6183
178  25.3303
179  25.2
180  25.4318
181  25.4165
182  21.572
183  24.8631
184  20.7583
185  29.2518
186  29.1927
187  29.2527
188  29.2906
189  25.1024
190  20.2597
191  20.6084
192  20.6595
193  0
194  0
195  0
196  17.7163
197  29.9036
198  17.6809
199  29.2603
200  21.2613
201  29.6009
202  25.5957
203  25.3729
204  17.553
205  25.105
206  24.7541
207  25.1844
208  21.2166
209  0
210  0
211  0
212  14.8021
213  14.7368
214  14.7746
215  14.3181
216  14.2743
217  14.2816
218  14.7263
219  14.6691
220  14.6988
221  14.2469
222  14.0695
223  13.7677
224  14.1243
225  0
226  0
227  0
228  10.6181
229  10.7124
230  10.6972
231  10.3926
232  10.319
233  10.2511
234  10.3186
235  10.2865
236  10.598
237  14.258
238  9.74946
239  9.72715
240  9.72461
241  13.7401
242  15.0883
243  16.1665
244  16.8022
245  16.9384
246  17.461
247  17.6786
248  17.8052
249  8.1065
250  10.8977
251  11.7375
252  11.9115
253  13.4204
254  7.8665
255  9.4387
256  6.28965
