1  33.3773
2  33.8237
3  35.2003
4  37.1552
5  38.2635
6  36.9663
7  37.7537
8  37.4108
9  45.4497
10  46.0927
11  44.5233
12  44.404
13  39.2125
14  42.1934
15  41.8564
16  41.8796
17  34.1782
18  33.7373
19  34.2859
20  34.2163
21  34.1396
22  34.1462
23  34.0992
24  33.8037
25  41.7011
26  41.7147
27  41.7578
28  34.2661
29  38.3534
30  37.7631
31  41.7667
32  33.7513
33  35.1949
34  35.2021
35  31.2328
36  35.2793
37  35.2056
38  34.8295
39  34.7807
40  34.7868
41  34.8412
42  34.7712
43  35.1759
44  35.2607
45  35.2539
46  34.8086
47  34.7555
48  34.7466
49  32.1444
50  32.1508
51  31.7186
52  32.19
53  36.1892
54  27.8906
55  35.7228
56  23.3729
57  35.4579
58  23.4026
59  31.707
60  23.7723
61  35.7167
62  31.2513
63  31.2076
64  35.2793
65  31.2144
66  26.7507
67  30.7144
68  27.1168
69  31.1694
70  26.8048
71  26.4802
72  26.4425
73  34.4601
74  34.4677
75  30.6538
76  30.7676
77  38.6885
78  30.2436
79  26.2207
80  26.756
81  1.77823
82  11.6592
83  9.64821
84  11.8734
85  5.66469
86  1.4221
87  3.08944
88  17.2604
89  5.22273
90  -0.839417
91  7.38661
92  17.7843
93  1.75311
94  11.4601
95  7.46447
96  7.82012
97  2.97106
98  14.7971
99  12.9607
100  7.12191
101  10.867
102  8.54461
103  8.50144
104  4.42912
105  4.45327
106  6.46937
107  0.64164
108  13.0395
109  6.98198
110  4.75322
111  0.728479
112  15.0946
113  5.03898
114  -1.22557
115  0.933656
116  15.0371
117  6.84642
118  4.46526
119  4.39661
120  2.34693
121  38.2491
122  38.4518
123  38.5466
124  41.0052
125  39.0054
126  38.8402
127  36.7523
128  8.98005
129  10.8014
130  8.62598
131  4.6597
132  4.90037
133  4.59198
134  4.071
135  2.03848
136  8.01719
137  5.71802
138  5.89259
139  0.117647
140  16.4845
141  10.9863
142  12.4477
143  10.4893
144  10.7645
145  4.27398
146  0.0870072
147  0.135883
148  8.38636
149  4.145
150  1.7116
151  3.58616
152  7.67066
153  7.36026
154  9.4081
155  9.56918
156  4.02013
157  6.23818
158  5.9603
159  -0.0382179
160  10.2862
161  9.10372
162  8.93178
163  2.94628
164  3.15519
165  10.9913
166  4.64861
167  8.44509
168  12.5216
169  6.2813
170  8.32222
171  0.518916
172  0.893617
173  3.08777
174  6.95704
175  6.97893
176  7.23529
177  35.0767
178  34.6798
179  30.6898
180  35.1887
181  34.9439
182  34.9413
183  34.6969
184  34.3587
185  34.7608
186  30.4443
187  30.6704
188  30.6436
189  38.1699
190  29.6424
191  29.6486
192  29.688
193  0
194  0
195  0
196  31.2438
197  39.7316
198  31.2875
199  26.8536
200  31.1454
201  39.1215
202  27.0985
203  26.7659
204  27.0821
205  34.5392
206  34.1484
207  34.6157
208  34.6074
209  13.0764
210  13.1664
211  12.7526
212  13.2632
213  13.212
214  13.2834
215  12.8118
216  12.751
217  20.7658
218  21.1394
219  20.7445
220  21.0201
221  16.5996
222  12.1582
223  12.1092
224  12.1555
225  17.6347
226  17.7165
227  17.285
228  18.1062
229  18.1339
230  18.1437
231  18.121
232  18.0665
233  17.7044
234  18.0544
235  17.6291
236  18.1099
237  13.5888
238  13.1196
239  17.0941
240  17.101
241  18.8434
242  19.7675
243  20.194
244  13.1556
245  13.4201
246  21.9457
247  22.0617
248  14.2875
249  20.6898
250  23.1074
251  23.8824
252  24.083
253  21.9316
254  20.1582
255  22.5646
256  18.8231
