1  12.054
2  13.1059
3  13.747
4  16.1222
5  17.4934
6  15.8475
7  16.7132
8  16.3716
9  16.8956
10  16.4434
11  15.4882
12  15.2205
13  13.4057
14  12.6974
15  13.2708
16  12.6445
17  15.5817
18  15.531
19  15.5578
20  16.0189
21  15.6189
22  15.6515
23  15.6137
24  15.5739
25  7.51683
26  7.53639
27  7.60842
28  8.0835
29  12.1933
30  7.5393
31  7.57274
32  7.5499
33  6.02358
34  5.6211
35  18.0049
36  6.07768
37  14.0122
38  13.6793
39  13.5855
40  13.581
41  13.6686
42  13.6083
43  13.6929
44  6.06141
45  6.06042
46  13.5753
47  13.6091
48  5.51037
49  26.7313
50  22.5438
51  26.1976
52  26.7297
53  26.7196
54  22.6809
55  26.268
56  22.1621
57  30.2781
58  26.2107
59  30.5349
60  30.5853
61  30.1731
62  30.0792
63  29.6835
64  26.6092
65  30.7695
66  30.5195
67  26.2154
68  30.5726
69  30.6877
70  26.5803
71  30.229
72  30.2322
73  26.2655
74  22.2731
75  26.2589
76  26.5743
77  34.1653
78  22.0123
79  25.6792
80  22.5174
81  -0.174017
82  7.70375
83  -2.31701
84  9.91521
85  5.70131
86  3.462
87  1.12062
88  -0.698289
89  5.24028
90  5.18342
91  5.41641
92  -0.192564
93  -0.228145
94  11.4732
95  -4.51914
96  11.8415
97  4.04008
98  -2.15699
99  6.01097
100  4.16692
101  1.90346
102  -0.415038
103  3.53445
104  9.4485
105  1.4509
106  -0.51549
107  1.65266
108  14.058
109  4.01733
110  -2.22136
111  -2.24643
112  2.12312
113  1.14596
114  -1.11525
115  -2.94938
116  13.1526
117  6.94747
118  8.55743
119  4.48902
120  6.4395
121  2.34584
122  -3.4563
123  -3.35355
124  13.1042
125  7.12024
126  0.949381
127  4.86145
128  1.08935
129  6.86378
130  6.68521
131  8.71878
132  4.95243
133  0.645187
134  -3.87596
135  -5.93137
136  6.04672
137  1.76034
138  3.93694
139  2.17539
140  12.5219
141  3.04483
142  -3.49189
143  4.53758
144  6.84224
145  4.34067
146  4.15638
147  0.20602
148  4.43894
149  -1.81263
150  7.75813
151  9.63122
152  1.72349
153  5.40426
154  3.46386
155  -0.378535
156  8.08718
157  0.300107
158  10.0075
159  0.0121899
160  4.35389
161  -0.876496
162  10.9491
163  -1.04436
164  5.17137
165  2.99702
166  -3.34255
167  -3.56289
168  -3.5001
169  4.2801
170  -1.67916
171  0.519041
172  4.89318
173  1.09994
174  -5.02689
175  -4.99464
176  5.24609
177  29.5379
178  25.4824
179  25.1668
180  25.7007
181  30.0477
182  29.813
183  25.585
184  29.2268
185  33.5902
186  25.279
187  25.5148
188  21.2687
189  28.7931
190  24.1984
191  24.2751
192  24.3011
193  30.6593
194  26.5011
195  30.5555
196  27.0254
197  35.5142
198  27.0885
199  22.6426
200  26.6471
201  30.6899
202  26.5397
203  26.544
204  26.2751
205  30.0507
206  25.699
207  25.7898
208  30.096
209  11.5476
210  11.518
211  11.4515
212  11.8132
213  11.7039
214  12.0683
215  11.6046
216  11.5515
217  11.5168
218  11.5785
219  11.5221
220  11.4957
221  7.12
222  10.6943
223  10.5858
224  10.7292
225  7.09807
226  6.97788
227  7.00637
228  7.53677
229  15.6114
230  15.6676
231  15.5689
232  15.4619
233  15.1986
234  15.3879
235  15.1325
236  15.2006
237  15.0121
238  14.5758
239  14.4675
240  14.573
241  0
242  0
243  0
244  12.9414
245  13.2628
246  13.9479
247  22.2447
248  14.2803
249  12.5177
250  15.3862
251  15.8658
252  15.734
253  17.8053
254  11.4397
255  13.8582
256  10.052
