1  0
2  0
3  0
4  0
5  0
6  0
7  0
8  0
9  0
10  0
11  0
12  0
13  0
14  0
15  0
16  0
17  0
18  0
19  0
20  0
21  0
22  0
23  0
24  0
25  0
26  0
27  0
28  0
29  0
30  0
31  0
32  0
33  0
34  0
35  23.9069
36  20.2732
37  28.2735
38  27.9468
39  27.9139
40  27.9388
41  20.2441
42  19.9394
43  20.1643
44  19.8947
45  27.8148
46  27.3374
47  0
48  0
49  0
50  0
51  21.4076
52  21.9477
53  22.2303
54  22.2049
55  17.8465
56  17.7117
57  25.8449
58  17.793
59  17.8586
60  13.8048
61  25.5904
62  17.1997
63  0
64  0
65  0
66  0
67  17.6632
68  21.8987
69  26.2348
70  13.9583
71  17.8746
72  13.8679
73  25.9213
74  17.945
75  17.8389
76  17.917
77  21.6132
78  17.2129
79  0
80  0
81  0
82  0
83  0
84  0
85  -9.34991
86  -15.627
87  -13.9823
88  2.16556
89  -5.8878
90  -5.95116
91  -9.7303
92  -3.32083
93  -3.35173
94  -1.60828
95  0
96  0
97  0
98  0
99  -4.02432
100  -9.89619
101  -6.18502
102  -12.5225
103  -10.5936
104  -12.6932
105  -10.6978
106  -4.678
107  -8.51156
108  -0.100168
109  -6.143
110  -10.3755
111  0
112  0
113  0
114  0
115  -10.0331
116  -5.93407
117  -6.14802
118  -4.54747
119  -10.6424
120  -10.6757
121  -4.79928
122  -6.63805
123  -6.54134
124  -8.0932
125  -4.0772
126  -2.25287
127  0
128  0
129  0
130  0
131  -6.18621
132  -9.92573
133  -6.23534
134  -4.76609
135  -4.81793
136  -8.88957
137  -9.18177
138  -15.0219
139  -14.8094
140  -0.473185
141  -3.97246
142  -8.51372
143  0
144  0
145  0
146  0
147  -11.669
148  -7.43231
149  -11.6681
150  -8.09626
151  -0.239209
152  -2.16967
153  -2.51547
154  -6.49027
155  -2.34174
156  -5.90392
157  -7.70926
158  -12.0043
159  0
160  0
161  0
162  0
163  -7.84988
164  -7.62952
165  -5.80153
166  -10.1315
167  -12.3462
168  -8.29267
169  -8.54938
170  -8.54741
171  -10.3701
172  1.96591
173  -5.84414
174  -3.99853
175  0
176  0
177  0
178  0
179  15.9786
180  20.4319
181  20.416
182  16.338
183  15.8753
184  19.7853
185  24.2397
186  24.1853
187  24.2932
188  24.3296
189  20.1477
190  15.3384
191  0
192  0
193  0
194  0
195  0
196  15.6818
197  23.8936
198  19.6717
199  19.2854
200  19.3005
201  23.4329
202  19.3798
203  19.4406
204  321.661
205  23.1647
206  18.8018
207  0
208  0
209  0
210  0
211  0
212  4.81864
213  4.71449
214  4.77344
215  4.33739
216  4.29462
217  4.33674
218  4.71469
219  4.47315
220  4.71104
221  0.3133
222  3.88952
223  0
224  0
225  0
226  0
227  0
228  0
229  0
230  0
231  0
232  0
233  0
234  0
235  0
236  0
237  0
238  0
239  0
240  0
241  0
242  0
243  0
244  0
245  0
246  0
247  0
248  0
249  0
250  0
251  0
252  0
253  0
254  0
255  0
256  0
