1  0
2  0
3  0
4  0
5  0
6  0
7  0
8  0
9  0
10  0
11  0
12  0
13  0
14  0
15  0
16  0
17  0
18  0
19  0
20  0
21  0
22  0
23  0
24  0
25  0
26  0
27  0
28  0
29  0
30  0
31  0
32  0
33  0
34  0
35  22.0538
36  26.369
37  26.365
38  26.151
39  26.1672
40  26.2729
41  26.5944
42  26.4657
43  26.5607
44  26.3685
45  22.2275
46  25.7243
47  0
48  0
49  0
50  0
51  18.5256
52  19.0887
53  27.2503
54  19.2422
55  19.0481
56  14.9575
57  23.3055
58  23.3318
59  23.3984
60  23.2836
61  22.9302
62  22.5394
63  0
64  0
65  0
66  0
67  14.5983
68  18.9389
69  23.1665
70  23.0867
71  23.0594
72  23.1925
73  27.4276
74  19.5164
75  19.357
76  19.4393
77  26.9479
78  18.5574
79  0
80  0
81  0
82  0
83  -5.34461
84  -3.14114
85  -11.3831
86  0.316035
87  -2.06531
88  -3.94411
89  -6.03362
90  -10.1262
91  -7.91583
92  -5.50555
93  -3.56581
94  -9.81085
95  0
96  0
97  0
98  0
99  -1.01221
100  -6.88566
101  -3.17745
102  -9.54272
103  -7.6391
104  -3.77014
105  -5.82938
106  -5.81502
107  -5.68291
108  -9.27414
109  -7.3168
110  -7.55885
111  0
112  0
113  0
114  0
115  -7.94796
116  -9.8569
117  -8.05545
118  -14.4996
119  -8.62519
120  3.31443
121  -8.83235
122  -12.6961
123  -12.6355
124  -4.21905
125  -4.1918
126  -8.37441
127  0
128  0
129  0
130  0
131  -2.17449
132  -5.91524
133  -6.21728
134  -4.77295
135  -4.83753
136  -10.9405
137  -3.26229
138  -7.13833
139  -2.95187
140  -8.63166
141  -10.1268
142  -4.66869
143  0
144  0
145  0
146  0
147  -8.62489
148  -0.381922
149  -6.63999
150  -5.0744
151  -5.23593
152  -3.1872
153  -9.58101
154  -3.59227
155  -9.47571
156  -5.05983
157  -8.83694
158  -5.17225
159  0
160  0
161  0
162  0
163  -5.84108
164  -7.60308
165  -7.77813
166  -6.14781
167  -10.3649
168  3.66677
169  -2.63996
170  -6.66351
171  -8.51289
172  -8.19757
173  -6.00015
174  -8.17225
175  0
176  0
177  0
178  0
179  14.9636
180  19.4105
181  27.3604
182  15.2883
183  14.9439
184  18.9006
185  27.3699
186  15.3513
187  19.5942
188  15.637
189  23.3099
190  22.6787
191  0
192  0
193  0
194  0
195  18.2881
196  18.5739
197  22.8297
198  18.5653
199  22.3061
200  22.3886
201  22.6541
202  18.6318
203  18.7568
204  18.7047
205  26.4056
206  18.1246
207  0
208  0
209  0
210  0
211  3.24985
212  3.73962
213  3.55365
214  3.67176
215  3.34935
216  3.33616
217  3.44223
218  3.72687
219  3.719
220  3.82172
221  3.53031
222  11.1657
223  0
224  0
225  0
226  0
227  0
228  0
229  0
230  0
231  0
232  0
233  0
234  0
235  0
236  0
237  0
238  0
239  0
240  0
241  0
242  0
243  0
244  0
245  0
246  0
247  0
248  0
249  0
250  0
251  0
252  0
253  0
254  0
255  0
256  0
