1  0
2  0
3  0
4  0
5  0
6  0
7  0
8  0
9  0
10  0
11  0
12  0
13  0
14  0
15  0
16  0
17  0
18  0
19  0
20  0
21  0
22  0
23  0
24  0
25  0
26  0
27  0
28  0
29  0
30  0
31  0
32  0
33  0
34  0
35  9.5961
36  5.90101
37  5.88339
38  5.6302
39  5.59318
40  5.66051
41  13.8945
42  13.756
43  13.853
44  13.7249
45  9.60134
46  9.09983
47  0
48  0
49  0
50  0
51  21.0838
52  25.6558
53  25.7835
54  25.7498
55  21.4292
56  21.2941
57  29.5367
58  17.5018
59  17.6526
60  17.6049
61  29.2872
62  20.898
63  0
64  0
65  0
66  0
67  22.2273
68  18.5856
69  26.7815
70  26.5988
71  26.4714
72  26.5182
73  30.6113
74  18.7297
75  22.6411
76  18.7818
77  30.3416
78  17.9525
79  0
80  0
81  0
82  0
83  0.772864
84  2.97023
85  -7.25861
86  -1.53063
87  -7.88471
88  2.26405
89  0.200321
90  2.11889
91  -5.66753
92  -3.26081
93  -5.29721
94  -9.56356
95  0
96  0
97  0
98  0
99  0.0621581
100  -5.80265
101  -6.0835
102  1.57549
103  -4.48882
104  5.40687
105  -4.61565
106  -6.59151
107  -4.45305
108  7.95215
109  -2.08828
110  -8.33606
111  0
112  0
113  0
114  0
115  -5.87254
116  6.22356
117  -3.97818
118  -8.38345
119  -10.4767
120  5.48208
121  -8.63046
122  -4.48755
123  -4.40424
124  -1.9614
125  -1.95684
126  -0.144577
127  0
128  0
129  0
130  0
131  -4.07509
132  -5.83239
133  -0.144596
134  -6.66211
135  -4.71866
136  -0.780157
137  -5.08
138  -6.92759
139  -2.73217
140  7.60705
141  -7.88691
142  -4.44202
143  0
144  0
145  0
146  0
147  -8.56413
148  3.66787
149  -8.56418
150  3.01329
151  -3.12605
152  -1.05305
153  0.592519
154  -1.37704
155  0.740881
156  1.15449
157  -4.62379
158  -10.928
159  0
160  0
161  0
162  0
163  1.20217
164  -4.56969
165  -0.744428
166  0.920574
167  0.71099
168  0.761045
169  0.499105
170  -1.50296
171  0.665805
172  0.986575
173  -6.81701
174  1.01734
175  0
176  0
177  0
178  0
179  25.7574
180  26.2158
181  26.193
182  26.155
183  25.7078
184  21.5828
185  25.9687
186  25.8817
187  22.0937
188  22.1303
189  29.7788
190  17.1173
191  0
192  0
193  0
194  0
195  24.9952
196  21.3208
197  25.6139
198  21.341
199  20.9891
200  21.0608
201  29.2467
202  21.1635
203  25.255
204  17.1694
205  28.8746
206  24.5482
207  0
208  0
209  0
210  0
211  7.95635
212  8.4993
213  8.34098
214  8.46984
215  8.09607
216  8.0722
217  8.10568
218  8.33767
219  8.31172
220  8.36238
221  8.05383
222  7.67627
223  0
224  0
225  0
226  0
227  0
228  0
229  0
230  0
231  0
232  0
233  0
234  0
235  0
236  0
237  0
238  0
239  0
240  0
241  0
242  0
243  0
244  0
245  0
246  0
247  0
248  0
249  0
250  0
251  0
252  0
253  0
254  0
255  0
256  0
