1  7.27115
2  8.2397
3  9.15196
4  11.1088
5  12.3401
6  10.9217
7  11.6898
8  11.3831
9  11.4533
10  11.4085
11  10.5192
12  10.3155
13  5.11675
14  8.5708
15  7.72479
16  7.7919
17  7.78549
18  7.70731
19  8.19606
20  8.19597
21  8.09581
22  8.0823
23  8.07022
24  7.75097
25  7.67656
26  7.68527
27  7.70765
28  8.23298
29  4.27157
30  3.75453
31  7.72906
32  7.71462
33  9.20279
34  9.17335
35  5.17461
36  9.24761
37  9.20222
38  8.82418
39  8.74505
40  8.7142
41  8.79501
42  8.73025
43  9.12935
44  9.20118
45  9.24075
46  8.76103
47  8.71642
48  8.68361
49  30.1225
50  21.7635
51  21.6756
52  22.1443
53  26.1437
54  25.8385
55  25.6674
56  21.3205
57  25.3954
58  21.3585
59  21.6951
60  21.7313
61  25.6418
62  21.2284
63  21.175
64  25.2101
65  29.1604
66  16.7112
67  20.6689
68  16.7912
69  29.1372
70  16.7521
71  16.408
72  16.3969
73  24.4794
74  24.6851
75  20.4036
76  20.7901
77  28.6593
78  20.2368
79  24.1936
80  16.699
81  1.78978
82  1.67133
83  -0.328125
84  1.88861
85  -4.31694
86  -8.56931
87  -6.89119
88  7.27391
89  -4.77346
90  -0.832003
91  -2.61777
92  7.7793
93  1.74731
94  1.47684
95  -2.53028
96  -2.15909
97  2.95284
98  4.77173
99  2.93931
100  -2.90796
101  0.829178
102  -1.48209
103  -1.5335
104  -5.60285
105  -5.58929
106  6.43291
107  -9.3988
108  3.01087
109  -3.05599
110  -5.27342
111  -9.3078
112  5.05886
113  -4.97231
114  -1.21108
115  -9.05261
116  5.06135
117  -3.13639
118  -5.52772
119  -5.59122
120  2.36726
121  28.2601
122  28.4635
123  28.567
124  31.0252
125  29.0295
126  28.8591
127  26.7815
128  -0.990327
129  0.810512
130  -1.37721
131  -5.34445
132  -5.10434
133  -5.40396
134  4.0939
135  -7.9421
136  -1.97068
137  -4.27385
138  -4.09339
139  -9.86562
140  6.49459
141  1.01412
142  2.46457
143  0.507629
144  0.793709
145  -5.74297
146  0.0744417
147  0.116914
148  -1.6472
149  -5.88738
150  1.69948
151  -6.42853
152  -2.32759
153  -2.64554
154  -0.59229
155  -0.433244
156  4.00589
157  -3.77745
158  -4.0568
159  -10.0733
160  0.263603
161  -0.964404
162  -1.12856
163  -7.10782
164  -6.90772
165  0.938379
166  -5.40261
167  -1.6064
168  2.46491
169  -3.77112
170  -1.7273
171  -9.52243
172  0.837944
173  3.03884
174  -3.08759
175  -3.05619
176  -2.80004
177  25.0409
178  24.6535
179  20.2951
180  25.1349
181  24.8393
182  24.8623
183  24.4427
184  24.3466
185  24.7255
186  20.4232
187  20.6764
188  20.605
189  28.1901
190  27.662
191  27.653
192  20.0394
193  0
194  0
195  0
196  21.1534
197  29.2891
198  21.1846
199  16.7754
200  20.7901
201  29.1152
202  16.6931
203  24.7195
204  16.6582
205  24.5081
206  24.1308
207  24.5733
208  24.541
209  3.03163
210  3.13534
211  2.72385
212  3.17785
213  3.15119
214  3.23277
215  3.12863
216  2.70551
217  10.7272
218  11.1139
219  11.0262
220  11.0322
221  6.57984
222  2.14031
223  2.07501
224  2.15663
225  7.56557
226  7.68082
227  7.25346
228  8.06799
229  8.08992
230  8.06036
231  8.0388
232  7.64059
233  7.55632
234  8.04322
235  7.58769
236  7.62504
237  3.5453
238  3.0871
239  7.06475
240  7.05698
241  8.75058
242  9.75546
243  10.5579
244  11.0732
245  11.2953
246  11.8821
247  12.0163
248  12.094
249  10.4457
250  13.1268
251  13.8768
252  13.8256
253  11.9753
254  10.1278
255  12.5345
256  8.70712
