1  37.3701
2  38.3105
3  39.2153
4  41.2019
5  42.4115
6  41.0054
7  41.79
8  41.4525
9  41.8323
10  41.4821
11  40.5925
12  40.413
13  35.2492
14  38.2338
15  39.0698
16  37.9237
17  38.1652
18  37.7485
19  37.7583
20  30.2217
21  30.1454
22  37.843
23  38.0824
24  29.7847
25  37.7195
26  37.7034
27  37.7413
28  38.2218
29  33.8287
30  33.7903
31  37.7797
32  37.8025
33  39.2013
34  39.178
35  35.1826
36  39.2639
37  39.2062
38  38.8335
39  38.7544
40  38.749
41  38.8059
42  38.7753
43  38.8733
44  39.2094
45  38.8021
46  38.7918
47  38.7788
48  38.7446
49  36.1339
50  35.7462
51  35.6601
52  36.144
53  32.1061
54  31.8219
55  31.6604
56  27.3097
57  31.6218
58  27.6152
59  27.6885
60  27.7323
61  31.7005
62  27.2406
63  27.1938
64  31.2209
65  35.1715
66  30.7638
67  34.7042
68  30.8216
69  35.1588
70  30.7769
71  30.6782
72  30.4127
73  38.4379
74  30.4439
75  26.405
76  26.7952
77  34.6789
78  34.2375
79  30.2339
80  30.7755
81  1.84129
82  11.7246
83  9.71141
84  11.9303
85  5.72603
86  1.48292
87  3.16069
88  17.3202
89  5.27881
90  -0.781411
91  7.4408
92  17.8303
93  11.8112
94  11.518
95  7.50608
96  7.86523
97  2.9756
98  14.7871
99  12.96
100  7.11512
101  10.8484
102  8.54334
103  8.49592
104  4.41951
105  4.43653
106  6.45216
107  0.620267
108  13.0273
109  6.96129
110  4.73998
111  0.71553
112  15.0828
113  5.02025
114  -1.24527
115  0.917247
116  15.0176
117  6.82708
118  4.44313
119  4.36623
120  2.32604
121  38.2194
122  38.4186
123  38.5107
124  40.9761
125  38.9736
126  38.7987
127  36.7314
128  8.95986
129  10.7848
130  8.62818
131  4.64436
132  4.88205
133  4.57851
134  4.05951
135  2.00715
136  7.98764
137  5.69281
138  5.87347
139  0.0932013
140  16.4618
141  10.9761
142  12.4326
143  10.4754
144  10.763
145  4.24407
146  10.0614
147  0.10643
148  8.33819
149  4.09374
150  11.6651
151  3.52726
152  7.61155
153  7.30469
154  9.36546
155  9.51987
156  3.96103
157  6.18567
158  5.90353
159  -0.0950444
160  10.2335
161  9.04703
162  8.88933
163  2.90011
164  3.10377
165  10.9441
166  4.58418
167  8.36887
168  12.433
169  6.20433
170  8.24545
171  0.447708
172  10.8169
173  3.01506
174  6.89166
175  6.93022
176  7.16688
177  39.0573
178  31.0961
179  26.69
180  30.8512
181  38.9169
182  30.9444
183  30.7509
184  30.3562
185  38.7533
186  26.6335
187  26.6566
188  26.5875
189  34.1452
190  33.5866
191  33.6267
192  33.6252
193  0
194  0
195  0
196  27.1714
197  35.282
198  35.2398
199  31.1827
200  35.1359
201  35.1474
202  30.7582
203  31.0507
204  30.6657
205  38.2406
206  30.1061
207  30.5793
208  30.5586
209  17.0522
210  17.1071
211  16.6989
212  17.1818
213  17.1579
214  17.2249
215  16.8126
216  17.1203
217  16.7799
218  17.1189
219  17.1096
220  17.1124
221  20.6348
222  16.1644
223  16.1152
224  16.1656
225  13.635
226  13.706
227  13.2937
228  14.1533
229  14.0963
230  14.1313
231  14.116
232  14.0597
233  21.6606
234  22.125
235  22.0883
236  21.6822
237  17.5912
238  17.1079
239  21.0844
240  21.0911
241  14.8146
242  15.7896
243  16.6422
244  17.1151
245  17.5644
246  18.196
247  18.302
248  18.3632
249  24.704
250  27.4835
251  27.9505
252  28.0628
253  25.9551
254  24.1685
255  26.5488
256  22.7782
