1  0
2  0
3  0
4  0
5  0
6  0
7  0
8  0
9  0
10  0
11  0
12  0
13  0
14  0
15  0
16  0
17  0
18  0
19  0
20  0
21  0
22  0
23  0
24  0
25  0
26  0
27  0
28  0
29  0
30  0
31  0
32  0
33  0
34  0
35  1.80274
36  6.18349
37  6.16993
38  5.82836
39  5.80578
40  5.80698
41  5.92391
42  5.79164
43  5.84248
44  5.71317
45  1.66964
46  5.20289
47  0
48  0
49  0
50  0
51  14.2923
52  14.8621
53  22.9528
54  22.924
55  22.7233
56  18.3915
57  26.7125
58  18.4783
59  18.6956
60  18.6635
61  26.2623
62  18.0866
63  0
64  0
65  0
66  0
67  18.5859
68  22.7905
69  26.9245
70  18.8321
71  18.7202
72  18.7171
73  22.7502
74  22.7583
75  22.4683
76  22.744
77  22.2579
78  22.1002
79  0
80  0
81  0
82  0
83  -5.32632
84  -3.11357
85  -11.3409
86  0.387245
87  -1.96715
88  -3.8061
89  -5.8544
90  -9.91841
91  -7.68636
92  -5.27568
93  -3.30526
94  -9.56566
95  0
96  0
97  0
98  0
99  -1.00013
100  -6.87602
101  -3.15484
102  -9.49086
103  -7.56224
104  -3.65487
105  -5.66157
106  -5.61983
107  -5.46141
108  -9.0381
109  -7.07677
110  -7.32295
111  0
112  0
113  0
114  0
115  -7.95257
116  -9.86199
117  -8.05356
118  -14.4631
119  -8.55705
120  3.40052
121  -8.70983
122  -12.5197
123  -12.4274
124  -3.98952
125  -3.95579
126  -8.14108
127  0
128  0
129  0
130  0
131  -2.19648
132  -5.94719
133  -6.25342
134  -4.77915
135  -4.82489
136  -10.8889
137  -3.1799
138  -6.99531
139  -2.78457
140  -8.43624
141  -9.94596
142  -4.47157
143  0
144  0
145  0
146  0
147  -8.65775
148  -0.427001
149  -6.65872
150  -5.08421
151  -5.22288
152  -3.1467
153  -9.48147
154  -3.45218
155  -9.30216
156  -4.87343
157  -8.65923
158  -4.97449
159  0
160  0
161  0
162  0
163  -5.87503
164  -7.63851
165  -7.81159
166  -6.15544
167  -10.3551
168  3.70058
169  -2.54921
170  -6.53435
171  -8.35228
172  -8.02008
173  -5.83076
174  -7.98043
175  0
176  0
177  0
178  0
179  19.1534
180  23.6245
181  23.3821
182  19.3148
183  18.817
184  22.7134
185  23.1728
186  18.8846
187  23.2097
188  19.2448
189  26.8177
190  18.235
191  0
192  0
193  0
194  0
195  22.2838
196  14.6936
197  26.8778
198  14.4259
199  18.2531
200  18.2403
201  26.3509
202  14.3025
203  22.3368
204  14.2689
205  22.1167
206  21.7097
207  0
208  0
209  0
210  0
211  7.24272
212  -0.239794
213  -0.300626
214  -0.252121
215  7.29987
216  -0.752678
217  7.26181
218  7.68256
219  7.37402
220  -0.33982
221  7.21746
222  6.77897
223  0
224  0
225  0
226  0
227  0
228  0
229  0
230  0
231  0
232  0
233  0
234  0
235  0
236  0
237  0
238  0
239  0
240  0
241  0
242  0
243  0
244  0
245  0
246  0
247  0
248  0
249  0
250  0
251  0
252  0
253  0
254  0
255  0
256  0
