1  32.408
2  32.9639
3  34.6337
4  37.452
5  39.0537
6  36.9639
7  37.489
8  37.3047
9  30.003
10  35.646
11  36.5965
12  28.092
13  30.246
14  25.5455
15  32.9213
16  24.7656
17  30.2676
18  30.1404
19  30.042
20  30.5135
21  30.4132
22  30.4733
23  30.4719
24  30.3408
25  30.1944
26  30.1914
27  30.1933
28  30.5155
29  34.1042
30  29.9071
31  29.8614
32  29.8084
33  26.518
34  26.3256
35  30.397
36  26.8171
37  26.6367
38  26.5421
39  26.47
40  26.507
41  34.6665
42  34.5508
43  34.6238
44  30.5081
45  34.3935
46  33.9191
47  33.8485
48  33.915
49  30.4363
50  22.0673
51  25.8705
52  18.469
53  26.5553
54  22.64
55  26.2835
56  26.1713
57  26.5094
58  22.2638
59  26.3063
60  26.2662
61  29.9706
62  29.5707
63  29.4739
64  21.5621
65  28.4955
66  28.214
67  23.9334
68  28.3791
69  24.5484
70  24.5506
71  20.2933
72  20.3394
73  32.5605
74  24.5504
75  24.2782
76  24.5088
77  32.0273
78  23.5753
79  23.4692
80  19.8038
81  -4.41627
82  5.45584
83  3.40917
84  -0.382853
85  -0.62268
86  -0.897849
87  -3.25912
88  6.89517
89  -3.16804
90  2.76643
91  -6.9748
92  3.42991
93  5.4066
94  1.13246
95  3.14691
96  3.5216
97  3.73724
98  -0.453194
99  -0.317324
100  3.8316
101  1.53666
102  -2.80707
103  1.11488
104  -0.981716
105  1.01784
106  1.04768
107  -4.77964
108  -4.36647
109  5.59782
110  5.38296
111  5.37019
112  3.74029
113  -4.20644
114  5.54833
115  -0.320341
116  1.78141
117  -2.43525
118  7.15278
119  -2.94043
120  3.0007
121  -3.10655
122  1.07212
123  -6.81328
124  3.63593
125  -4.35153
126  1.47769
127  1.40466
128  -0.36306
129  4.69996
130  2.52587
131  0.553157
132  -1.20423
133  0.482916
134  -2.0446
135  -0.102628
136  -4.1648
137  1.52399
138  3.72013
139  -2.06312
140  2.26615
141  0.771657
142  -5.7555
143  -3.72552
144  12.5752
145  0.163903
146  -2.026
147  2.04216
148  8.27518
149  0.0270936
150  -0.398135
151  1.46255
152  5.53504
153  -4.7981
154  7.22382
155  3.37755
156  -0.185433
157  2.01891
158  3.72627
159  -4.27439
160  0.058839
161  1.01618
162  2.85127
163  2.87518
164  7.10421
165  0.930014
166  2.58274
167  -3.62394
168  -3.56575
169  -3.81799
170  0.189007
171  2.36863
172  6.70748
173  2.89749
174  0.75636
175  2.78748
176  -0.974168
177  27.8881
178  23.7163
179  23.4353
180  23.8732
181  27.8467
182  23.7147
183  27.4
184  23.239
185  27.6592
186  23.5266
187  27.8089
188  23.7892
189  31.3893
190  22.8665
191  18.8968
192  22.9622
193  31.0298
194  18.7718
195  26.6123
196  18.9654
197  27.2451
198  26.9805
199  22.6054
200  26.7969
201  26.934
202  26.8146
203  26.8661
204  22.8338
205  30.5097
206  22.3216
207  26.4871
208  18.7637
209  7.8807
210  15.7898
211  15.6767
212  8.19087
213  7.87203
214  8.02767
215  15.5744
216  7.5814
217  7.76688
218  7.85708
219  7.85243
220  7.88162
221  11.7122
222  11.3428
223  15.2332
224  7.3803
225  13.5258
226  13.2932
227  12.9543
228  13.8279
229  5.87612
230  5.93424
231  5.79411
232  5.59496
233  13.5316
234  13.7019
235  13.7361
236  13.8381
237  5.70316
238  5.27216
239  5.1737
240  5.30294
241  6.44017
242  7.18934
243  8.18576
244  9.13317
245  9.61997
246  10.3143
247  10.7056
248  10.8002
249  8.78055
250  12.4096
251  12.9204
252  12.6018
253  18.2356
254  15.895
255  18.2781
256  14.7797
