1  0
2  0
3  0
4  0
5  0
6  0
7  0
8  0
9  0
10  0
11  0
12  0
13  0
14  0
15  0
16  0
17  0
18  0
19  0
20  0
21  0
22  0
23  0
24  0
25  0
26  0
27  0
28  0
29  0
30  0
31  0
32  0
33  0
34  0
35  20.0484
36  24.2296
37  24.2298
38  23.8723
39  23.8429
40  23.8636
41  23.9782
42  23.8441
43  23.8879
44  23.7595
45  27.712
46  23.2392
47  0
48  0
49  0
50  0
51  20.5567
52  20.8863
53  25.19
54  16.9605
55  16.7686
56  12.4391
57  24.7449
58  16.4975
59  20.7424
60  16.6999
61  20.3026
62  20.1286
63  0
64  0
65  0
66  0
67  24.6625
68  16.8639
69  21.2124
70  20.8966
71  16.7891
72  16.7596
73  24.7984
74  12.8058
75  20.714
76  12.7998
77  20.3241
78  16.156
79  0
80  0
81  0
82  0
83  0
84  0
85  -3.29718
86  -9.56609
87  -3.92263
88  -1.76267
89  26.1873
90  -1.87764
91  -9.64042
92  -5.22063
93  -7.25772
94  -9.52918
95  0
96  0
97  0
98  0
99  -0.965033
100  -4.8318
101  -3.11732
102  -1.44916
103  -1.51864
104  -9.61042
105  -3.61932
106  -9.5767
107  -9.42078
108  -6.99381
109  -3.03279
110  -7.25905
111  0
112  0
113  0
114  0
115  1.04898
116  -6.84905
117  -5.06057
118  -11.4575
119  -9.55007
120  -7.58623
121  0
122  24.4899
123  300.47
124  31.0404
125  19.0545
126  26.8784
127  0
128  0
129  0
130  0
131  -3.14227
132  -2.90332
133  -5.21082
134  -3.73639
135  -5.78586
136  -5.82974
137  -8.13421
138  -7.95699
139  -7.74502
140  -3.40851
141  -10.9063
142  -7.44093
143  0
144  0
145  0
146  0
147  -12.6163
148  -6.38616
149  -10.6218
150  -3.044
151  -15.1794
152  0.901616
153  -7.42993
154  -11.4059
155  -7.2587
156  5.18323
157  -8.62776
158  -12.9094
159  0
160  0
161  0
162  0
163  -4.84851
164  -6.61835
165  -2.79038
166  -7.12846
167  -5.33238
168  -9.27903
169  -7.52789
170  -5.51079
171  -9.33157
172  3.02005
173  -8.81046
174  -4.95552
175  0
176  0
177  0
178  0
179  24.2041
180  24.6747
181  24.6564
182  20.365
183  23.8657
184  11.7454
185  20.2075
186  19.9286
187  16.2475
188  20.2914
189  24.1058
190  19.2736
191  0
192  0
193  0
194  0
195  15.3223
196  15.7275
197  23.8949
198  23.6958
199  19.2732
200  23.247
201  23.3741
202  23.3216
203  23.3672
204  23.3037
205  23.1107
206  18.7485
207  0
208  0
209  0
210  0
211  0
212  9.02319
213  8.74638
214  8.7956
215  8.34198
216  8.28237
217  0.302485
218  0.71167
219  0.655262
220  0.687892
221  4.26862
222  8.06626
223  0
224  0
225  0
226  0
227  0
228  0
229  0
230  0
231  0
232  0
233  0
234  0
235  0
236  0
237  0
238  0
239  0
240  0
241  0
242  0
243  0
244  0
245  0
246  0
247  0
248  0
249  0
250  0
251  0
252  0
253  0
254  0
255  0
256  0
