1  0
2  0
3  0
4  0
5  0
6  0
7  0
8  0
9  0
10  0
11  0
12  0
13  0
14  0
15  0
16  0
17  0
18  0
19  0
20  0
21  0
22  0
23  0
24  0
25  0
26  0
27  0
28  0
29  0
30  0
31  0
32  0
33  0
34  0
35  7.86442
36  4.25047
37  12.2566
38  11.8794
39  11.8467
40  11.8695
41  3.99245
42  3.8379
43  3.88156
44  3.76082
45  11.7112
46  11.2476
47  0
48  0
49  0
50  0
51  21.5537
52  21.9053
53  22.2026
54  21.9618
55  17.7603
56  17.4468
57  25.7519
58  25.6843
59  25.7213
60  21.6779
61  25.3008
62  25.1214
63  0
64  0
65  0
66  0
67  17.6562
68  21.875
69  26.2035
70  21.8869
71  25.7789
72  21.7743
73  25.8083
74  25.7952
75  25.6873
76  25.7865
77  29.3153
78  17.1413
79  0
80  0
81  0
82  0
83  0
84  0
85  -9.3599
86  -5.62857
87  -3.98109
88  2.17513
89  -5.87139
90  -5.93151
91  -9.70767
92  6.70794
93  -3.32083
94  -1.57423
95  0
96  0
97  0
98  0
99  -4.04303
100  0.0831427
101  -6.19301
102  -12.5286
103  -10.5984
104  -2.68799
105  -0.680841
106  -4.65657
107  1.51642
108  -0.0709588
109  -6.11108
110  -0.34128
111  0
112  0
113  0
114  0
115  -10.0537
116  4.04588
117  -6.16775
118  -4.5557
119  -10.6499
120  -0.675753
121  -4.78853
122  -6.62181
123  -6.51517
124  1.93378
125  -4.04553
126  -2.21832
127  0
128  0
129  0
130  0
131  -6.21075
132  0.0456673
133  -6.26493
134  -4.78823
135  -4.8346
136  1.10439
137  -9.18509
138  -5.00539
139  -4.79672
140  -0.455543
141  -3.95354
142  -8.49186
143  0
144  0
145  0
146  0
147  -11.6872
148  2.54621
149  -1.69227
150  -8.11238
151  -0.250598
152  -2.17934
153  -2.50807
154  -6.47771
155  -2.32358
156  -5.88577
157  -7.68676
158  -1.98316
159  0
160  0
161  0
162  0
163  -7.86989
164  2.34792
165  -5.81834
166  -10.1459
167  -12.3531
168  1.69951
169  -8.54527
170  1.465
171  -0.355638
172  1.97951
173  -5.829
174  6.02194
175  0
176  0
177  0
178  0
179  24.2178
180  20.4539
181  28.4323
182  16.3554
183  23.8631
184  19.7408
185  23.9954
186  23.9251
187  24.234
188  24.27
189  27.8494
190  23.2635
191  0
192  0
193  0
194  0
195  0
196  23.7417
197  23.9311
198  19.4745
199  19.2868
200  19.2592
201  23.372
202  19.3203
203  19.3641
204  324.61
205  30.8872
206  18.738
207  0
208  0
209  0
210  0
211  0
212  12.8295
213  12.7599
214  12.8069
215  12.3541
216  12.295
217  4.30578
218  4.70532
219  4.42066
220  4.67597
221  8.25025
222  12.0487
223  0
224  0
225  0
226  0
227  0
228  0
229  0
230  0
231  0
232  0
233  0
234  0
235  0
236  0
237  0
238  0
239  0
240  0
241  0
242  0
243  0
244  0
245  0
246  0
247  0
248  0
249  0
250  0
251  0
252  0
253  0
254  0
255  0
256  0
