1  34.4498
2  35.2708
3  36.6269
4  39.1191
5  40.8438
6  38.9125
7  39.6726
8  39.3772
9  39.8906
10  40.4393
11  38.5805
12  38.1265
13  40.3035
14  35.8257
15  35.0271
16  38.8539
17  37.3112
18  36.9933
19  37.2856
20  37.6061
21  37.524
22  37.5905
23  37.6476
24  37.6457
25  37.5155
26  37.5332
27  37.5066
28  37.6755
29  37.4592
30  37.0356
31  36.9973
32  36.9715
33  28.4925
34  28.3182
35  32.3932
36  28.6589
37  28.6335
38  28.5704
39  28.5277
40  28.6049
41  36.7719
42  36.6476
43  36.7073
44  36.6178
45  32.4726
46  31.9794
47  27.8836
48  27.9728
49  30.4127
50  26.2314
51  25.8646
52  30.4654
53  34.5294
54  26.6448
55  22.3307
56  22.2558
57  30.5915
58  30.5203
59  30.5663
60  26.5487
61  30.0744
62  29.6729
63  29.5512
64  25.6512
65  29.4733
66  25.1906
67  28.9259
68  25.3708
69  33.5368
70  25.5624
71  33.5064
72  25.5748
73  33.7032
74  33.6893
75  29.576
76  21.6234
77  33.1291
78  28.6637
79  32.5967
80  32.9172
81  -0.211378
82  11.6503
83  3.6106
84  11.8218
85  5.57887
86  3.30146
87  6.91654
88  5.06283
89  4.97492
90  -1.08948
91  5.13986
92  -0.433921
93  7.55118
94  5.28207
95  1.30897
96  9.67887
97  7.94773
98  3.75585
99  7.90649
100  10.0434
101  7.74716
102  1.40662
103  7.31705
104  7.20622
105  9.18769
106  9.19579
107  9.39351
108  5.80668
109  9.76499
110  5.5481
111  9.54119
112  3.90831
113  3.0914
114  -3.18199
115  -1.02611
116  11.0639
117  2.84009
118  0.42489
119  0.324206
120  10.2667
121  4.14809
122  4.30077
123  0.419403
124  12.8888
125  4.90008
126  2.7366
127  4.67356
128  16.911
129  0
130  0
131  0
132  0
133  36.6922
134  34.1512
135  36.0923
136  32.0033
137  1.69729
138  1.86496
139  -1.91405
140  14.4352
141  38.92
142  38.382
143  32.4402
144  36.7
145  1.39095
146  11.2039
147  -0.730893
148  9.5014
149  9.24526
150  8.81592
151  4.65991
152  6.71923
153  8.36827
154  6.40944
155  10.5409
156  4.9662
157  9.17568
158  2.90017
159  2.90398
160  5.22125
161  5.23081
162  1.06441
163  5.09251
164  3.31779
165  7.13481
166  6.79167
167  0.571384
168  4.61093
169  0.331594
170  8.348
171  12.5207
172  10.8558
173  5.04996
174  4.90513
175  4.94428
176  15.2009
177  31.6862
178  27.5199
179  31.3583
180  27.8201
181  31.7902
182  27.8509
183  31.4091
184  27.3853
185  35.7228
186  27.6469
187  23.9004
188  23.8784
189  35.5162
190  26.9469
191  22.9796
192  27.0323
193  32.9847
194  28.7905
195  28.7592
196  28.9795
197  33.1382
198  29.0222
199  28.7815
200  28.7681
201  29.0132
202  28.9704
203  29.024
204  24.9753
205  32.7994
206  28.4262
207  32.7707
208  28.8738
209  14.9179
210  14.8199
211  14.7538
212  15.2721
213  14.9429
214  15.2375
215  14.8096
216  14.8111
217  14.8772
218  14.9931
219  14.9993
220  15.0411
221  10.8709
222  14.4594
223  14.3784
224  14.7114
225  13.54
226  13.3279
227  13.1993
228  13.8462
229  13.8853
230  13.9344
231  13.8318
232  13.7748
233  13.7332
234  13.6673
235  13.793
236  13.9184
237  9.75552
238  9.34235
239  13.264
240  13.3435
241  17.4881
242  18.2322
243  19.2015
244  20.1186
245  20.5537
246  21.2318
247  21.4882
248  21.7222
249  19.8108
250  23.0712
251  23.8153
252  23.6194
253  21.6941
254  19.2715
255  21.228
256  17.8297
