1  0
2  0
3  0
4  14.716
5  16.1058
6  15.9071
7  16.0573
8  15.8959
9  15.0137
10  13.4938
11  14.4596
12  14.1876
13  12.7725
14  12.1785
15  11.6565
16  11.2153
17  0
18  0
19  0
20  6.03626
21  13.7657
22  13.8159
23  13.8552
24  5.78612
25  13.6315
26  13.4532
27  13.5594
28  13.7584
29  9.6189
30  9.23896
31  13.2773
32  5.22448
33  2.80025
34  2.71176
35  7.00769
36  3.19018
37  3.20717
38  2.84792
39  2.81842
40  2.8371
41  3.17698
42  2.85153
43  14.8943
44  2.75038
45  10.6914
46  6.21939
47  10.206
48  10.5138
49  0
50  0
51  0
52  21.8294
53  29.9419
54  17.8981
55  17.7018
56  21.3876
57  29.7151
58  21.4824
59  21.7099
60  17.6579
61  29.2677
62  21.0529
63  21.0231
64  17.1579
65  28.086
66  27.6795
67  23.4027
68  27.8157
69  23.9463
70  19.8734
71  23.7581
72  19.7394
73  23.7787
74  23.7927
75  23.6934
76  19.7588
77  27.2877
78  23.1128
79  27.1026
80  27.2755
81  -6.18825
82  -2.31075
83  -8.35661
84  3.85246
85  -8.37738
86  1.36203
87  -5.00159
88  -2.83555
89  -2.89537
90  -4.96491
91  -4.72227
92  -4.30658
93  -0.349925
94  1.3997
95  -4.58308
96  -6.22249
97  -5.98516
98  3.82283
99  -4.02759
100  6.1069
101  -6.16764
102  5.49355
103  -8.57663
104  -0.672698
105  -2.68902
106  -2.63853
107  -6.4834
108  -8.05714
109  -2.09824
110  -4.31929
111  -2.34075
112  -7.96977
113  -2.94314
114  -7.21245
115  -7.06159
116  1.03072
117  -5.17284
118  -7.56594
119  -7.65556
120  0.306256
121  22.1867
122  26.3741
123  28.4699
124  0.926931
125  -3.06426
126  -1.24345
127  -1.3029
128  0.924055
129  -6.10021
130  5.70895
131  -10.2651
132  5.98152
133  -6.31619
134  1.16469
135  -12.8907
136  -0.958156
137  -5.24384
138  -7.06303
139  -8.85093
140  7.50499
141  -4.01201
142  -6.53924
143  -2.52072
144  5.77335
145  -3.59351
146  -3.79463
147  -3.72479
148  8.50867
149  -3.72962
150  -2.14895
151  -2.28793
152  5.79786
153  -6.54239
154  -2.49919
155  -8.3568
156  2.06756
157  26.2712
158  25.9698
159  21.9616
160  32.293
161  -1.72232
162  0.114423
163  -7.86314
164  -3.62382
165  -1.79291
166  -8.12766
167  -0.338398
168  -0.28925
169  -0.523481
170  -0.497142
171  1.66004
172  -6.00501
173  -5.81969
174  -1.95499
175  -11.9298
176  4.29419
177  25.6065
178  25.3058
179  25.1827
180  25.639
181  25.629
182  25.3371
183  20.8399
184  24.7207
185  28.9929
186  24.9219
187  25.2047
188  21.2453
189  24.8322
190  24.2342
191  20.333
192  24.5936
193  26.6902
194  26.3219
195  26.3472
196  26.4691
197  27.1304
198  26.6987
199  26.2608
200  26.2614
201  26.3773
202  22.3215
203  26.5779
204  26.2765
205  30.1003
206  17.7086
207  18.1945
208  22.1951
209  0
210  0
211  0
212  5.80622
213  5.7315
214  5.79491
215  5.54344
216  5.27117
217  13.2882
218  13.6996
219  13.4108
220  13.6476
221  9.23092
222  4.80326
223  4.74534
224  5.08255
225  8.05719
226  7.78103
227  7.56876
228  8.55539
229  8.65717
230  8.64709
231  8.35873
232  8.2728
233  8.22031
234  8.26425
235  8.2214
236  8.50496
237  8.18552
238  7.67786
239  7.68355
240  7.66106
241  10.7369
242  12.067
243  12.9349
244  13.7974
245  13.9164
246  14.4285
247  14.5417
248  14.6604
249  13.0838
250  15.8259
251  16.6957
252  16.8552
253  6.34757
254  4.80219
255  14.3738
256  3.25059
