1  34.4716
2  35.2775
3  36.6721
4  39.4116
5  40.9839
6  38.9413
7  39.4982
8  31.3081
9  39.9981
10  45.8522
11  38.8156
12  38.157
13  40.3284
14  35.8135
15  35.0387
16  34.8788
17  35.2788
18  34.9497
19  35.2784
20  35.5602
21  27.4805
22  27.5807
23  27.5899
24  27.5663
25  27.2649
26  35.2709
27  35.2394
28  27.594
29  31.3663
30  26.955
31  34.9106
32  26.8817
33  33.4881
34  33.2472
35  37.3743
36  33.8074
37  33.6487
38  33.5621
39  33.4527
40  33.5353
41  33.6623
42  33.502
43  33.61
44  29.5464
45  37.3896
46  32.8984
47  32.8469
48  32.9119
49  28.3996
50  24.0623
51  27.8582
52  28.4686
53  28.5439
54  28.6415
55  24.2544
56  24.1997
57  32.5138
58  32.2602
59  32.3276
60  32.4331
61  31.9736
62  31.584
63  31.4832
64  31.7735
65  31.5458
66  27.2225
67  26.9844
68  31.4052
69  31.5818
70  27.6124
71  27.51
72  31.5512
73  35.6269
74  27.6121
75  27.3345
76  27.5619
77  35.1051
78  26.6082
79  22.5263
80  22.8335
81  5.49988
82  7.35829
83  1.3091
84  7.53387
85  5.29688
86  7.0088
87  0.646576
88  4.8062
89  6.74443
90  2.67649
91  8.90102
92  3.32413
93  3.30566
94  5.02929
95  1.04783
96  11.4298
97  4.7258
98  -1.45856
99  -1.29472
100  0.833602
101  6.55378
102  8.21024
103  6.13123
104  4.01962
105  7.99596
106  4.01431
107  6.19903
108  6.60695
109  6.57635
110  6.35538
111  8.35612
112  0.720263
113  -0.148313
114  9.57679
115  3.72987
116  7.8236
117  1.60383
118  13.2029
119  -2.89111
120  7.06013
121  4.9303
122  -0.873503
123  -0.785679
124  1.66191
125  5.69112
126  -0.480005
127  3.45817
128  5.68202
129  3.70638
130  5.52578
131  5.54473
132  15.8042
133  -0.528546
134  6.94897
135  10.8885
136  8.82679
137  2.5198
138  0.695016
139  4.91376
140  7.25492
141  5.7395
142  5.21692
143  5.25291
144  5.53795
145  0.184802
146  7.99388
147  10.0564
148  8.29665
149  0.0502675
150  9.62589
151  9.48156
152  5.5563
153  7.22251
154  7.24393
155  1.40505
156  3.83922
157  8.02092
158  7.7377
159  9.74308
160  10.0629
161  3.0289
162  2.86319
163  -3.1056
164  7.11571
165  6.94385
166  2.60497
167  0.391381
168  2.43582
169  2.18207
170  -1.81151
171  0.358245
172  8.70312
173  0.879564
174  8.75022
175  10.7898
176  7.00945
177  0
178  0
179  0
180  29.9067
181  29.8862
182  25.9139
183  25.4733
184  25.3094
185  29.7361
186  29.6307
187  25.9186
188  29.9031
189  29.4969
190  28.9808
191  28.9985
192  29.0828
193  0
194  0
195  0
196  22.0251
197  34.2848
198  26.0434
199  29.6685
200  25.8833
201  34.0427
202  25.9454
203  30.0304
204  21.9817
205  33.6374
206  29.4841
207  29.7773
208  25.8992
209  0
210  0
211  0
212  11.2669
213  10.9335
214  11.1041
215  10.7998
216  10.7917
217  10.887
218  10.9606
219  10.9785
220  10.9892
221  10.8552
222  14.4526
223  10.3387
224  10.5145
225  15.6821
226  15.2842
227  15.1779
228  15.8636
229  7.89139
230  7.93325
231  7.83259
232  7.66138
233  7.73325
234  7.75995
235  15.7856
236  7.92172
237  11.7824
238  7.35659
239  19.2832
240  7.34875
241  0
242  0
243  0
244  19.1929
245  19.6759
246  20.3878
247  20.7572
248  20.8522
249  18.868
250  22.4545
251  22.9799
252  22.7041
253  20.7559
254  18.2994
255  20.8095
256  16.8312
