1  0
2  0
3  0
4  0
5  0
6  0
7  0
8  0
9  0
10  0
11  0
12  0
13  0
14  0
15  0
16  0
17  0
18  0
19  0
20  0
21  0
22  0
23  0
24  0
25  0
26  0
27  0
28  0
29  0
30  0
31  0
32  0
33  0
34  0
35  21.7701
36  26.1608
37  26.1705
38  25.8204
39  25.7837
40  25.8027
41  25.9308
42  25.8006
43  25.8384
44  25.6976
45  25.6419
46  25.1644
47  0
48  0
49  0
50  0
51  0
52  33.8054
53  46.1292
54  33.8943
55  33.7
56  37.3785
57  41.6929
58  37.4542
59  37.6826
60  41.6378
61  41.2197
62  37.0527
63  0
64  0
65  0
66  0
67  36.5726
68  40.7814
69  40.9164
70  40.8245
71  36.7297
72  36.7169
73  40.7418
74  40.7535
75  40.4654
76  36.7277
77  40.2354
78  36.0658
79  0
80  0
81  0
82  0
83  9.6877
84  21.8935
85  17.6747
86  15.3988
87  13.0409
88  19.1996
89  13.1486
90  15.0928
91  11.3212
92  25.7446
93  9.71666
94  15.4494
95  0
96  0
97  0
98  0
99  13.0018
100  23.1372
101  8.85744
102  12.5181
103  14.447
104  18.3529
105  12.3431
106  8.37609
107  8.54936
108  24.9758
109  10.9287
110  14.6944
111  0
112  0
113  0
114  0
115  14.0045
116  10.0981
117  11.8868
118  9.48943
119  7.39291
120  15.3561
121  13.2546
122  15.421
123  15.5335
124  21.991
125  12.0006
126  13.827
127  0
128  0
129  0
130  0
131  9.83169
132  14.0868
133  11.7767
134  11.2549
135  5.19777
136  23.1427
137  16.8484
138  19.0289
139  11.2445
140  15.5796
141  16.0793
142  17.5562
143  0
144  0
145  0
146  0
147  19.3606
148  17.595
149  11.3532
150  16.9362
151  4.79265
152  20.8791
153  12.5372
154  14.584
155  14.722
156  25.1609
157  13.3511
158  11.0482
159  0
160  0
161  0
162  0
163  0
164  0
165  15.2141
166  8.88278
167  12.6678
168  16.723
169  8.47895
170  14.4917
171  14.6665
172  19.003
173  41.1912
174  53.042
175  0
176  0
177  0
178  0
179  42.1131
180  38.5941
181  42.3294
182  38.2534
183  37.7474
184  41.6445
185  41.9083
186  42.0485
187  38.1532
188  42.1814
189  45.7676
190  33.1752
191  0
192  0
193  0
194  0
195  38.2374
196  38.6374
197  46.811
198  34.6084
199  34.1688
200  34.1614
201  42.2924
202  38.2294
203  38.2805
204  38.2137
205  46.0443
206  33.6484
207  0
208  0
209  0
210  0
211  22.2019
212  22.7257
213  22.6509
214  22.6933
215  22.2191
216  22.184
217  22.1917
218  22.6152
219  22.5748
220  22.59
221  22.1658
222  21.7368
223  0
224  0
225  0
226  0
227  0
228  0
229  0
230  0
231  0
232  0
233  0
234  0
235  0
236  0
237  0
238  0
239  0
240  0
241  0
242  0
243  0
244  0
245  0
246  0
247  0
248  0
249  0
250  0
251  0
252  0
253  0
254  0
255  0
256  0
