1  33.2914
2  33.8001
3  35.1865
4  37.183
5  38.3254
6  36.9729
7  37.7332
8  37.3958
9  45.7364
10  45.4511
11  44.579
12  44.3881
13  39.0947
14  42.5968
15  42.4212
16  41.8175
17  33.769
18  33.7095
19  34.2297
20  34.1809
21  34.1338
22  34.112
23  34.082
24  33.7853
25  41.6852
26  41.6893
27  41.6961
28  34.1982
29  38.2863
30  37.7215
31  41.6915
32  33.6818
33  35.2063
34  35.1607
35  31.1786
36  35.2502
37  35.1889
38  34.8297
39  34.7371
40  34.736
41  34.8172
42  34.7473
43  34.8381
44  35.1565
45  35.1994
46  34.7623
47  34.2568
48  34.6792
49  32.1795
50  31.7614
51  31.7072
52  32.1758
53  36.1684
54  27.8859
55  35.6661
56  23.3453
57  35.6664
58  31.403
59  31.7347
60  31.736
61  35.6895
62  31.2319
63  31.1848
64  35.2648
65  31.1944
66  26.7125
67  30.6868
68  26.8086
69  31.1306
70  26.7878
71  26.6825
72  26.4383
73  34.6422
74  34.6658
75  30.643
76  30.7826
77  38.6274
78  30.1894
79  26.1372
80  26.6654
81  1.82962
82  11.7178
83  9.70326
84  11.9251
85  5.71741
86  1.46051
87  3.12304
88  17.2857
89  5.24819
90  -0.816883
91  7.41105
92  17.8027
93  1.78002
94  11.5002
95  7.49291
96  7.86124
97  2.92781
98  14.7526
99  12.909
100  7.06761
101  10.8112
102  8.48772
103  8.43787
104  4.35939
105  4.37284
106  6.40345
107  0.580585
108  12.9788
109  6.91523
110  4.69772
111  0.672956
112  15.031
113  5.0157
114  -1.25249
115  0.905679
116  15.0142
117  6.82324
118  4.43629
119  4.37341
120  2.3382
121  38.2323
122  38.4363
123  38.5339
124  40.9826
125  38.9861
126  38.8066
127  36.7387
128  8.97486
129  10.7847
130  8.60247
131  4.63347
132  4.87257
133  4.56521
134  4.05289
135  2.02484
136  7.99491
137  5.70161
138  5.87754
139  0.103912
140  16.4616
141  10.9777
142  12.4354
143  10.4813
144  10.7622
145  4.25733
146  10.0652
147  0.113542
148  8.34971
149  4.10783
150  1.69699
151  3.56718
152  7.66419
153  7.35506
154  9.4173
155  9.56305
156  4.01872
157  6.23494
158  5.96396
159  -0.0434419
160  10.2847
161  9.0763
162  8.90798
163  2.92259
164  3.13183
165  10.9695
166  4.60883
167  8.41342
168  12.4891
169  6.26308
170  8.31278
171  0.504244
172  0.88147
173  3.07209
174  6.94549
175  6.98106
176  7.23181
177  35.0466
178  34.6767
179  30.6858
180  34.8462
181  34.8853
182  34.9128
183  34.4343
184  34.3315
185  34.7147
186  30.6081
187  30.6413
188  30.6065
189  38.1397
190  29.6462
191  29.6316
192  29.679
193  0
194  0
195  0
196  31.1671
197  39.2742
198  31.1872
199  26.7872
200  30.7994
201  39.0595
202  26.6985
203  26.6778
204  26.6507
205  34.2308
206  34.087
207  34.1555
208  34.5531
209  13.0349
210  12.6661
211  13.1836
212  13.169
213  13.0848
214  13.1768
215  12.6945
216  12.6411
217  20.6691
218  21.0625
219  20.6473
220  20.6543
221  16.5231
222  12.0952
223  12.0636
224  12.1343
225  17.6103
226  17.6663
227  17.253
228  18.1197
229  18.079
230  18.0901
231  17.7404
232  9.68837
233  17.6233
234  17.6371
235  17.5847
236  17.6192
237  13.5483
238  13.0679
239  17.0238
240  17.1058
241  18.8482
242  19.761
243  20.5778
244  13.0889
245  21.5101
246  21.9631
247  22.1016
248  14.2946
249  20.6699
250  23.37
251  23.8928
252  24.0666
253  21.8519
254  19.7074
255  21.9825
256  18.7237
