1  0
2  0
3  0
4  0
5  0
6  0
7  0
8  0
9  0
10  0
11  0
12  0
13  0
14  0
15  0
16  0
17  0
18  0
19  0
20  0
21  0
22  0
23  0
24  0
25  0
26  0
27  0
28  0
29  0
30  0
31  0
32  0
33  0
34  0
35  21.8136
36  17.8493
37  25.6927
38  25.3047
39  25.2394
40  25.1896
41  17.2006
42  17.1828
43  25.4294
44  17.6866
45  25.6986
46  25.4044
47  0
48  0
49  0
50  0
51  43.1493
52  35.4487
53  43.4029
54  35.1361
55  30.8135
56  30.61
57  38.7102
58  38.7484
59  38.989
60  35.2829
61  39.2024
62  39.0691
63  0
64  0
65  0
66  0
67  15.0868
68  19.1624
69  23.1503
70  10.7979
71  14.6208
72  10.5805
73  22.6112
74  14.6709
75  22.776
76  15.2273
77  19.0911
78  14.9561
79  0
80  0
81  0
82  0
83  0
84  0
85  -10.2973
86  -6.59565
87  -14.9595
88  1.1905
89  -6.87701
90  -6.95045
91  -10.7297
92  -4.30427
93  -4.32845
94  -2.56362
95  0
96  0
97  0
98  0
99  -4.97871
100  -0.84848
101  -7.14625
102  -13.5196
103  -11.5985
104  -3.69537
105  -11.707
106  -5.69398
107  0.473948
108  -1.10252
109  -7.1375
110  -11.3495
111  0
112  0
113  0
114  0
115  -10.9953
116  -6.91343
117  -7.13962
118  -5.5673
119  -11.6748
120  -11.7101
121  -5.82892
122  -7.68514
123  -7.58461
124  -9.11508
125  -5.09653
126  -3.24003
127  0
128  0
129  0
130  0
131  -7.18472
132  -10.9465
133  -7.28122
134  -5.83101
135  -5.88455
136  -9.96163
137  -10.2535
138  -16.1134
139  -15.8975
140  -1.54504
141  -4.94524
142  -9.52664
143  0
144  0
145  0
146  0
147  -12.6672
148  1.54753
149  -2.72174
150  -9.17123
151  -1.33049
152  -3.27208
153  -3.62275
154  -7.60064
155  -3.43666
156  -6.98367
157  -8.73374
158  -13.0219
159  0
160  0
161  0
162  0
163  -8.86771
164  -8.66951
165  -6.87243
166  -11.2329
167  -13.4617
168  -9.41904
169  -9.67686
170  0.325915
171  -11.4814
172  0.86288
173  -6.90011
174  -5.02513
175  0
176  0
177  0
178  0
179  13.437
180  17.7412
181  17.6007
182  13.3578
183  13.0744
184  16.982
185  21.2797
186  21.2589
187  21.5509
188  21.7173
189  25.6007
190  13.2165
191  0
192  0
193  0
194  0
195  0
196  12.9467
197  21.0869
198  16.7373
199  16.4599
200  16.4477
201  20.6319
202  16.6227
203  16.7819
204  320.725
205  20.755
206  16.845
207  0
208  0
209  0
210  0
211  0
212  2.23353
213  1.90343
214  1.91684
215  1.65179
216  1.54921
217  1.60209
218  1.8106
219  1.82474
220  2.12155
221  -2.0192
222  1.88136
223  0
224  0
225  0
226  0
227  0
228  0
229  0
230  0
231  0
232  0
233  0
234  0
235  0
236  0
237  0
238  0
239  0
240  0
241  0
242  0
243  0
244  0
245  0
246  0
247  0
248  0
249  0
250  0
251  0
252  0
253  0
254  0
255  0
256  0
