1  23.6434
2  24.6184
3  25.8583
4  27.8047
5  37.2165
6  37.0122
7  37.1527
8  37.0117
9  28.2274
10  30.651
11  27.5377
12  27.2447
13  34.0386
14  33.234
15  32.6832
16  32.2198
17  21.5462
18  21.5291
19  21.6144
20  22.0213
21  29.7326
22  29.7562
23  29.8053
24  29.7553
25  29.6177
26  29.5514
27  29.5213
28  29.7184
29  25.607
30  29.1946
31  29.5169
32  29.219
33  26.7735
34  26.7104
35  31.0064
36  27.2037
37  27.1826
38  26.8305
39  26.8127
40  26.8151
41  27.1837
42  26.8095
43  22.8735
44  26.7278
45  30.6893
46  26.2128
47  26.2254
48  26.5666
49  25.8615
50  21.7028
51  25.5457
52  26.0906
53  26.1848
54  25.9293
55  25.7552
56  21.4206
57  25.7535
58  25.713
59  25.7292
60  25.6902
61  25.5516
62  25.1293
63  25.1403
64  25.2647
65  24.1286
66  19.6967
67  23.6363
68  24.0512
69  28.1907
70  19.8576
71  15.7675
72  19.7693
73  23.7843
74  19.8182
75  23.495
76  23.7765
77  23.2999
78  23.156
79  23.1726
80  23.3015
81  -6.10485
82  -8.2294
83  -4.27165
84  -2.06716
85  -6.29653
86  -4.56652
87  -4.93282
88  3.22429
89  -6.83944
90  -2.88573
91  -4.65542
92  -0.240761
93  -8.24912
94  1.47721
95  3.49671
96  -0.156195
97  -2.95479
98  -3.14504
99  -8.99645
100  -4.85517
101  -5.14023
102  -3.47533
103  -11.5581
104  2.35599
105  -1.67076
106  -5.63743
107  0.534546
108  -7.03777
109  -3.07631
110  -9.32241
111  -5.31713
112  -2.95168
113  -3.82132
114  -10.0944
115  -3.93825
116  0.167993
117  -8.05604
118  -2.44598
119  -0.545356
120  -4.58792
121  -6.70538
122  -2.52689
123  -6.42141
124  -1.95308
125  0.0485075
126  -4.12368
127  1.81739
128  -1.96363
129  -0.991333
130  -3.19726
131  -3.16234
132  -0.906708
133  -7.22171
134  0.256559
135  -11.7928
136  2.13601
137  -2.15205
138  -5.97184
139  -7.74981
140  -3.41365
141  -6.91815
142  2.56011
143  -13.414
144  2.85247
145  -7.47811
146  4.31509
147  -1.61402
148  2.62431
149  -3.62184
150  -2.04274
151  -4.1891
152  -6.08949
153  -0.435117
154  -4.41017
155  -6.25293
156  -1.81624
157  -5.6184
158  -5.91764
159  -5.9099
160  0.420942
161  -3.70903
162  -1.85649
163  -7.83193
164  0.396628
165  -1.77107
166  -4.11047
167  -8.31202
168  -8.25202
169  -8.50349
170  3.5045
171  -0.314516
172  0.0193294
173  -5.80625
174  4.07283
175  -5.90073
176  2.32739
177  24.5944
178  24.5389
179  24.1616
180  20.6598
181  28.6357
182  16.2913
183  19.7956
184  19.6957
185  24.1306
186  23.8579
187  20.1783
188  20.1975
189  28.0464
190  23.2086
191  27.5365
192  15.3186
193  25.6492
194  21.5044
195  21.267
196  25.6547
197  26.085
198  21.6493
199  21.2242
200  21.1885
201  29.2835
202  17.2552
203  21.2773
204  17.2236
205  29.0713
206  16.6786
207  21.1644
208  17.1532
209  8.5278
210  8.54337
211  8.24667
212  8.76302
213  8.69053
214  8.74354
215  8.53545
216  8.23963
217  8.23811
218  8.65586
219  8.60383
220  8.638
221  12.2053
222  11.7375
223  7.7132
224  8.05464
225  13.0641
226  13.0201
227  12.5949
228  5.59706
229  5.68548
230  5.67567
231  5.33458
232  5.54574
233  13.2246
234  13.2772
235  13.2416
236  13.5492
237  13.1968
238  12.707
239  12.7171
240  4.68197
241  8.71881
242  10.105
243  11.1611
244  3.77962
245  11.9435
246  12.4802
247  12.7218
248  4.82239
249  11.0986
250  13.9602
251  14.8231
252  6.91505
253  12.4394
254  10.8684
255  12.468
256  1.27999
