1  32.153
2  32.6305
3  34.0942
4  36.1145
5  37.3367
6  35.9744
7  36.7195
8  36.4083
9  36.7704
10  36.472
11  35.5062
12  35.2851
13  33.5134
14  41.0195
15  40.6631
16  28.7218
17  30.6555
18  30.5838
19  31.0639
20  31.0633
21  38.715
22  38.7198
23  38.6863
24  30.6435
25  38.5449
26  38.5858
27  38.5832
28  39.0515
29  35.128
30  34.5929
31  38.5872
32  38.5891
33  34.0735
34  34.0288
35  38.0635
36  34.1037
37  34.0733
38  33.6987
39  33.624
40  33.6231
41  33.6855
42  33.6319
43  29.7157
44  34.0146
45  37.6823
46  33.606
47  33.1321
48  33.5178
49  35.0237
50  22.6191
51  26.5227
52  27.0178
53  31.0184
54  30.7379
55  30.5425
56  26.218
57  30.5068
58  30.2338
59  30.5471
60  30.5819
61  30.2113
62  30.0751
63  30.0207
64  26.0777
65  34.0357
66  25.5753
67  33.2627
68  25.6675
69  29.7082
70  25.6283
71  25.2973
72  25.2775
73  33.3239
74  21.3374
75  33.2834
76  21.6227
77  29.2167
78  25.0664
79  25.006
80  29.5621
81  6.60049
82  8.48122
83  8.47433
84  4.69749
85  0.492768
86  10.2414
87  -4.08908
88  12.081
89  0.020558
90  5.9571
91  4.16954
92  4.57515
93  4.54306
94  4.25568
95  -1.74176
96  14.626
97  5.81789
98  1.63436
99  -0.201805
100  -0.0451264
101  1.6976
102  13.3807
103  3.32915
104  11.246
105  1.24313
106  13.2663
107  3.42402
108  13.8496
109  5.79491
110  5.55933
111  1.53432
112  5.89832
113  3.90763
114  -2.34856
115  -0.187086
116  15.9042
117  1.7304
118  5.33412
119  -0.733074
120  9.2359
121  1.13081
122  13.3198
123  -2.58905
124  11.8856
125  5.87093
126  7.69119
127  7.62838
128  -0.147633
129  7.72737
130  7.54428
131  7.55082
132  7.81656
133  -0.506585
134  8.99716
135  10.9446
136  4.9046
137  2.63239
138  4.81139
139  -2.96906
140  13.39
141  5.8961
142  3.35382
143  7.3915
144  1.67151
145  8.17417
146  9.9887
147  6.04115
148  6.25538
149  2.02472
150  3.60816
151  -2.53
152  7.55973
153  1.25258
154  9.28783
155  3.4597
156  13.9208
157  4.13122
158  5.81956
159  1.84811
160  12.1534
161  7.96109
162  5.79059
163  3.81049
164  10.0139
165  3.83763
166  -2.51604
167  5.29658
168  11.3614
169  5.13952
170  1.1869
171  -0.636145
172  7.75188
173  9.93708
174  9.80976
175  7.84737
176  6.08389
177  30.6234
178  26.542
179  26.2635
180  30.7675
181  30.8405
182  26.8839
183  30.4154
184  30.2865
185  34.695
186  34.3486
187  34.5577
188  26.5446
189  30.0431
190  25.2962
191  29.5396
192  25.5595
193  33.7228
194  29.5992
195  30.0089
196  29.8158
197  34.2407
198  30.1642
199  33.7358
200  29.7214
201  34.0123
202  33.6077
203  33.6146
204  33.5541
205  33.1488
206  33.0043
207  33.1059
208  29.2068
209  14.589
210  14.5505
211  14.5618
212  15.0645
213  15.0396
214  15.1177
215  15.0026
216  14.6375
217  14.6464
218  14.6785
219  14.5885
220  14.5991
221  14.2002
222  13.8179
223  13.7165
224  14.0237
225  10.5074
226  10.093
227  10.1041
228  10.6242
229  10.7112
230  11.0025
231  14.6642
232  10.5491
233  18.5355
234  18.287
235  18.251
236  18.5301
237  14.1562
238  17.6932
239  17.5803
240  17.6789
241  9.63184
242  10.646
243  10.7531
244  11.8545
245  12.2956
246  12.8916
247  12.9969
248  13.074
249  19.5587
250  22.0982
251  22.804
252  22.7944
253  16.8377
254  11.0264
255  12.4614
256  9.62016
