1  7.68935
2  8.67076
3  9.93671
4  11.7922
5  13.1608
6  12.8858
7  13.1704
8  12.9829
9  12.1106
10  13.9414
11  19.5821
12  11.2953
13  9.89534
14  9.30367
15  8.75506
16  8.26618
17  7.60542
18  7.54241
19  7.65101
20  8.06643
21  8.01423
22  7.86717
23  7.89979
24  7.84555
25  7.73183
26  7.66323
27  15.6161
28  8.02834
29  7.67893
30  7.50783
31  7.55453
32  7.29362
33  10.011
34  9.72858
35  14.0267
36  10.2335
37  10.2211
38  9.89124
39  9.86859
40  9.90069
41  10.2188
42  9.9154
43  10.1337
44  5.81165
45  5.74702
46  9.26511
47  9.27788
48  9.5846
49  29.0498
50  28.6804
51  24.528
52  28.8845
53  25.2018
54  24.9605
55  20.7678
56  20.4732
57  24.81
58  20.727
59  20.7672
60  24.7322
61  24.5574
62  20.1643
63  20.1426
64  24.2777
65  30.11
66  17.6939
67  25.6139
68  21.8477
69  29.9956
70  17.8948
71  21.7735
72  21.8016
73  25.8331
74  21.8674
75  25.739
76  25.831
77  29.351
78  17.1741
79  25.1848
80  17.3207
81  -6.08701
82  3.77898
83  3.73932
84  3.95247
85  1.71685
86  -0.552446
87  3.08513
88  -4.75309
89  1.19408
90  -0.867491
91  3.36052
92  3.78349
93  -2.23754
94  -0.51063
95  -0.493827
96  3.85745
97  -4.91252
98  4.89548
99  -6.95357
100  3.1833
101  0.905203
102  -1.41508
103  -3.50761
104  -5.61012
105  0.383525
106  -5.59146
107  -5.41534
108  -3.00491
109  -3.0232
110  -1.26499
111  -7.26423
112  1.10576
113  1.18207
114  -3.07926
115  -4.92738
116  -2.84215
117  0.950851
118  0.553792
119  2.45553
120  2.41085
121  -3.68965
122  -1.51658
123  -5.41607
124  7.04288
125  -0.942118
126  -1.12171
127  0.816364
128  -2.97613
129  -6.02609
130  5.79478
131  -12.1643
132  6.07001
133  -2.23295
134  -8.7593
135  -6.81739
136  -0.872896
137  -3.16586
138  -6.98577
139  -8.77398
140  3.55884
141  0.0617677
142  -4.46359
143  -2.44182
144  -2.16915
145  -0.479565
146  -2.67055
147  -2.5995
148  -4.37479
149  -0.600203
150  0.967495
151  0.831062
152  0.907385
153  -5.42888
154  0.620175
155  -9.24521
156  1.17772
157  -0.606972
158  -2.90214
159  -0.909254
160  -2.58305
161  -1.66912
162  -5.82168
163  -1.7839
164  10.4404
165  -1.73037
166  -2.06299
167  -6.2792
168  -8.22313
169  -0.462731
170  -2.45533
171  -4.28077
172  -3.92566
173  0.244231
174  -5.89823
175  2.12739
176  -3.62944
177  29.6053
178  25.5282
179  29.1834
180  29.6596
181  29.6508
182  29.3384
183  28.8437
184  16.7585
185  29.2262
186  25.1674
187  29.2585
188  25.2934
189  25.1122
190  24.2797
191  24.6276
192  20.668
193  28.6821
194  24.5182
195  24.3122
196  28.7084
197  25.1308
198  24.7032
199  24.2845
200  20.2566
201  24.6493
202  20.3328
203  20.376
204  20.3044
205  32.1276
206  19.7603
207  20.2113
208  20.2312
209  12.3447
210  12.5444
211  12.2677
212  12.7898
213  12.7164
214  12.7779
215  12.3159
216  12.2894
217  4.2928
218  4.7358
219  4.66866
220  4.69289
221  8.25471
222  7.81102
223  3.75311
224  3.85062
225  4.06689
226  4.01722
227  3.59901
228  4.58887
229  12.6763
230  12.6634
231  12.5929
232  12.3213
233  12.2603
234  12.5559
235  12.2879
236  12.3349
237  8.24505
238  7.76231
239  11.7555
240  11.708
241  5.79202
242  7.11819
243  8.15917
244  8.81392
245  8.96945
246  9.49069
247  9.70905
248  9.82631
249  16.1595
250  18.9378
251  19.8025
252  20.0929
253  13.4502
254  7.91031
255  9.49601
256  6.34
