1  1.82267
2  1.56895
3  1.34397
4  1.32517
5  1.17804
6  1.11994
7  1.09318
8  1.04443
9  1.20323
10  1.11379
11  1.10602
12  1.16292
13  1.23101
14  1.39019
15  1.46946
16  1.56163
17  1.26201
18  1.219
19  1.21304
20  1.11819
21  1.0378
22  0.967056
23  0.934132
24  0.897493
25  0.928018
26  0.958567
27  1.00536
28  1.05827
29  1.15909
30  1.2283
31  1.25908
32  1.38499
33  1.11816
34  1.10194
35  1.10039
36  1.01453
37  0.912065
38  0.886969
39  0.858006
40  0.834293
41  0.798133
42  0.808431
43  0.901079
44  0.994096
45  1.07387
46  1.20538
47  1.19142
48  1.30466
49  0.592666
50  0.580419
51  0.563024
52  0.496645
53  0.449969
54  0.414507
55  0.399603
56  0.388874
57  0.383886
58  0.387226
59  0.417757
60  0.478079
61  0.54246
62  0.609462
63  0.634286
64  0.719949
65  0.551742
66  0.526471
67  0.514592
68  0.45224
69  0.400677
70  0.370552
71  0.363632
72  0.358048
73  0.357352
74  0.360414
75  0.393028
76  0.435409
77  0.503989
78  0.587154
79  0.62205
80  0.691603
81  0.461551
82  0.435756
83  0.418549
84  0.380048
85  0.339801
86  0.289628
87  0.290819
88  0.311089
89  0.302526
90  0.305415
91  0.33794
92  0.376732
93  0.441986
94  0.521149
95  0.549345
96  0.603833
97  0.438606
98  0.423423
99  0.384521
100  0.354058
101  0.326791
102  0.289874
103  0.270746
104  0.304349
105  0.30238
106  0.302701
107  0.332274
108  0.368929
109  0.428561
110  0.501634
111  0.527983
112  0.595235
113  0.423522
114  0.39509
115  0.378035
116  0.361105
117  0.32619
118  0.282206
119  0.272689
120  0.297755
121  0.294744
122  0.303857
123  0.331258
124  0.370788
125  0.434841
126  0.50443
127  0.523238
128  0.584134
129  0.433307
130  0.40902
131  0.405678
132  0.362022
133  0.327479
134  0.302098
135  0.279237
136  0.306895
137  0.315578
138  0.329918
139  0.354256
140  0.390791
141  0.460333
142  0.525594
143  0.49286
144  0.615575
145  0.441998
146  0.418822
147  0.404007
148  0.374585
149  0.325062
150  0.303178
151  0.300421
152  0.328412
153  0.334281
154  0.341885
155  0.377821
156  0.413877
157  0.480328
158  0.558443
159  0.560408
160  0.623671
161  0.457535
162  0.443219
163  0.435251
164  0.402625
165  0.357283
166  0.330874
167  0.331956
168  0.359388
169  0.36032
170  0.376094
171  0.412697
172  0.459776
173  0.530407
174  0.599989
175  0.599337
176  0.650663
177  0.554964
178  0.544635
179  0.533492
180  0.490399
181  0.453876
182  0.416533
183  0.429522
184  0.449641
185  0.446761
186  0.475565
187  0.528738
188  0.559742
189  0.618103
190  0.705868
191  0.701271
192  0.767739
193  0.587433
194  0.588852
195  0.589961
196  0.535614
197  0.489071
198  0.471237
199  0.477216
200  0.473064
201  0.467793
202  0.50026
203  0.557516
204  0.591968
205  0.668055
206  0.742184
207  0.745191
208  0.794001
209  1.11025
210  1.07874
211  1.1392
212  1.03991
213  0.971368
214  0.949474
215  0.946116
216  0.932205
217  0.971395
218  0.98799
219  1.0294
220  1.1139
221  1.21395
222  1.30804
223  1.30485
224  1.41629
225  1.16757
226  1.16118
227  1.48055
228  1.1022
229  1.04938
230  0.981386
231  0.977988
232  0.952682
233  1.04604
234  1.0589
235  1.11654
236  1.15408
237  1.1983
238  1.2312
239  1.22187
240  1.35724
241  1.81065
242  1.53923
243  1.41401
244  1.32017
245  1.17518
246  1.13904
247  1.13838
248  1.12946
249  1.28732
250  1.22944
251  1.3382
252  1.37725
253  1.3369
254  1.49082
255  1.56725
256  1.7596
